(1,0) -> 1
(2,0) -> 1
(2,1) -> 1
(3,0) -> 1
(3,1) -> 1
(3,2) -> 1
(3,3) -> 1
(4,0) -> 1
(4,1) -> 1
(4,2) -> 1
(4,3) -> 3
(4,4) -> 1
(4,5) -> 1
(4,6) -> 1
(5,0) -> 1
(5,1) -> 1
(5,2) -> 2
(5,3) -> 4
(5,4) -> 8
(5,5) -> 8
(5,6) -> 8
(5,7) -> 4
(5,8) -> 2
(5,9) -> 1
(5,10) -> 1
(6,0) -> 1
(6,1) -> 1
(6,2) -> 3
(6,3) -> 5
(6,4) -> 13
(6,5) -> 14
(6,6) -> 15
(6,7) -> 13
(6,8) -> 13
(6,9) -> 15
(6,10) -> 14
(6,11) -> 13
(6,12) -> 5
(6,13) -> 3
(6,14) -> 1
(6,15) -> 1
(7,0) -> 1
(7,1) -> 1
(7,2) -> 4
(7,3) -> 6
(7,4) -> 16
(7,5) -> 17
(7,6) -> 18
(7,7) -> 18
(7,8) -> 18
(7,9) -> 17
(7,10) -> 17
(7,11) -> 17
(7,12) -> 17
(7,13) -> 18
(7,14) -> 18
(7,15) -> 18
(7,16) -> 17
(7,17) -> 16
(7,18) -> 6
(7,19) -> 4
(7,20) -> 1
(7,21) -> 1
(8,0) -> 1
(8,1) -> 1
(8,2) -> 5
(8,3) -> 7
(8,4) -> 19
(8,5) -> 20
(8,6) -> 21
(8,7) -> 23
(8,8) -> 23
(8,9) -> 23
(8,10) -> 23
(8,11) -> 23
(8,12) -> 22
(8,13) -> 22
(8,14) -> 21
(8,15) -> 22
(8,16) -> 22
(8,17) -> 23
(8,18) -> 23
(8,19) -> 23
(8,20) -> 23
(8,21) -> 23
(8,22) -> 21
(8,23) -> 20
(8,24) -> 19
(8,25) -> 7
(8,26) -> 5
(8,27) -> 1
(8,28) -> 1
(9,0) -> 1
(9,1) -> 1
(9,2) -> 6
(9,3) -> 8
(9,4) -> 22
(9,5) -> 23
(9,6) -> 24
(9,7) -> 26
(9,8) -> 26
(9,9) -> 31
(9,10) -> 31
(9,11) -> 29
(9,12) -> 30
(9,13) -> 30
(9,14) -> 29
(9,15) -> 29
(9,16) -> 29
(9,17) -> 26
(9,18) -> 28
(9,19) -> 26
(9,20) -> 26
(9,21) -> 29
(9,22) -> 29
(9,23) -> 30
(9,24) -> 26
(9,25) -> 26
(9,26) -> 32
(9,27) -> 31
(9,28) -> 26
(9,29) -> 26
(9,30) -> 24
(9,31) -> 23
(9,32) -> 22
(9,33) -> 8
(9,34) -> 6
(9,35) -> 1
(9,36) -> 1
(10,0) -> 1
(10,1) -> 1
(10,2) -> 7
(10,3) -> 9
(10,4) -> 25
(10,5) -> 26
(10,6) -> 27
(10,7) -> 29
(10,8) -> 45
(10,9) -> 46
(10,10) -> 47
(10,11) -> 47
(10,12) -> 47
(10,13) -> 43
(10,14) -> 43
(10,15) -> 43
(10,16) -> 100
(10,17) -> 100
(10,18) -> 100
(10,19) -> 100
(10,20) -> 100
(10,21) -> 100
(10,22) -> 100
(10,23) -> 100
(10,24) -> 100
(10,25) -> 100
(10,26) -> 100
(10,27) -> 100
(10,28) -> 100
(10,29) -> 100
(10,30) -> 43
(10,31) -> 43
(10,32) -> 43
(10,33) -> 47
(10,34) -> 47
(10,35) -> 47
(10,36) -> 46
(10,37) -> 45
(10,38) -> 29
(10,39) -> 27
(10,40) -> 26
(10,41) -> 25
(10,42) -> 9
(10,43) -> 7
(10,44) -> 1
(10,45) -> 1
