1 0
       1       1       2
2 0
       1       1       3
2 1
       1       1       3
3 0
       1       1       3
3 1
       1       1       3
3 2
       1       1       3
3 3
       1       1       3
4 0
       1       1       3
4 1
       1       1       3
4 2
       2       2       6
4 3
       3       3       9
4 4
       2       2       6
4 5
       1       1       3
4 6
       1       1       3
5 0
       1       1       4
5 1
       1       1       4
5 2
       2       2       8
5 3
       4       4      16
5 4
       6       6      24
5 5
       6       6      24
5 6
       6       6      24
5 7
       4       4      16
5 8
       2       2       8
5 9
       1       1       4
5 10
       1       1       4
6 0
       1       1       5
6 1
       1       1       5
6 2
       2       2      10
6 3
       5       5      25
6 4
       9       9      45
6 5
      15      15      75
6 6
      21      21     105
6 7
      24      24     120
6 8
      24      24     120
6 9
      21      21     105
6 10
      15      15      75
6 11
       9       9      45
6 12
       5       5      25
6 13
       2       2      10
6 14
       1       1       5
6 15
       1       1       5
7 0
       1       1       6
7 1
       1       1       6
7 2
       2       2      12
7 3
       5       5      30
7 4
      10      10      60
7 5
      21      21     126
7 6
      41      41     246
7 7
      65      65     390
7 8
      97      97     582
7 9
     131     131     786
7 10
     148     148     888
7 11
     148     148     888
7 12
     131     131     786
7 13
      97      97     582
7 14
      65      65     390
7 15
      41      41     246
7 16
      21      21     126
7 17
      10      10      60
7 18
       5       5      30
7 19
       2       2      12
7 20
       1       1       6
7 21
       1       1       6
8 0
       1       1       7
8 1
       1       1       7
8 2
       2       2      14
8 3
       5       5      35
8 4
      11      11      77
8 5
      24      24     168
8 6
      56      56     392
8 7
     115     115     805
8 8
     221     221    1547
8 9
     402     402    2814
8 10
     663     663    4641
8 11
     980     980    6860
8 12
    1312    1312    9184
8 13
    1557    1557   10899
8 14
    1646    1646   11522
8 15
    1557    1557   10899
8 16
    1312    1312    9184
8 17
     980     980    6860
8 18
     663     663    4641
8 19
     402     402    2814
8 20
     221     221    1547
8 21
     115     115     805
8 22
      56      56     392
8 23
      24      24     168
8 24
      11      11      77
8 25
       5       5      35
8 26
       2       2      14
8 27
       1       1       7
8 28
       1       1       7
9 0
       1       1       8
9 1
       1       1       8
9 2
       2       2      16
9 3
       5       5      40
9 4
      11      11      88
9 5
      25      25     200
9 6
      63      63     504
9 7
     148     148    1184
9 8
     345     345    2760
9 9
     771     771    6168
9 10
    1637    1637   13096
9 11
    3252    3252   26016
9 12
    5995    5995   47960
9 13
   10120   10120   80960
9 14
   15615   15615  124920
9 15
   21933   21933  175464
9 16
   27987   27987  223896
9 17
   32403   32403  259224
9 18
   34040   34040  272320
9 19
   32403   32403  259224
9 20
   27987   27987  223896
9 21
   21933   21933  175464
9 22
   15615   15615  124920
9 23
   10120   10120   80960
9 24
    5995    5995   47960
9 25
    3252    3252   26016
9 26
    1637    1637   13096
9 27
     771     771    6168
9 28
     345     345    2760
9 29
     148     148    1184
9 30
      63      63     504
9 31
      25      25     200
9 32
      11      11      88
9 33
       5       5      40
9 34
       2       2      16
9 35
       1       1       8
9 36
       1       1       8
10 0
       1       1      10
10 1
       1       1      10
10 2
       2       2      20
10 3
       5       5      50
10 4
      11      11     110
10 5
      26      26     260
10 6
      66      66     660
10 7
     165     165    1650
10 8
     428     428    4280
10 9
    1103    1103   11030
10 10
    2769    2769   27690
10 11
    6759    6759   67590
10 12
   15772   15772  157720
10 13
   34663   34663  346630
10 14
   71318   71318  713180
10 15
  136433  136433 1364330
10 16
  241577  241577 2415770
10 17
  395166  395166 3951660
10 18
  596191  596191 5961910
10 19
  828728  828728 8287280
10 20
 1061159 1061159 10611590
10 21
 1251389 1251389 12513890
10 22
 1358852 1358852 13588520
10 23
 1358852 1358852 13588520
10 24
 1251389 1251389 12513890
10 25
 1061159 1061159 10611590
10 26
  828728  828728 8287280
10 27
  596191  596191 5961910
10 28
  395166  395166 3951660
10 29
  241577  241577 2415770
10 30
  136433  136433 1364330
10 31
   71318   71318  713180
10 32
   34663   34663  346630
10 33
   15772   15772  157720
10 34
    6759    6759   67590
10 35
    2769    2769   27690
10 36
    1103    1103   11030
10 37
     428     428    4280
10 38
     165     165    1650
10 39
      66      66     660
10 40
      26      26     260
10 41
      11      11     110
10 42
       5       5      50
10 43
       2       2      20
10 44
       1       1      10
10 45
       1       1      10
11 0
       1       1      12
11 1
       1       1      12
11 2
       2       2      24
11 3
       5       5      60
11 4
      11      11     132
11 5
      26      26     312
11 6
      67      67     804
11 7
     172     172    2064
11 8
     467     467    5604
11 9
    1305    1305   15660
11 10
    3664    3664   43968
11 11
   10250   10250  123000
11 12
   28259   28259  339108
11 13
   75415   75415  904980
11 14
  192788  192788 2313456
11 15
  467807  467807 5613684
11 16
 1069890 1069890 12838680
11 17
 2295898 2295898 27550776
11 18
 4609179 4609179 55310148
11 19
 8640134 8640134 103681608
11 20
 15108047 15108047 181296564
11 21
 24630887 24630887 295570644
11 22
 37433760 37433760 449205120
11 23
 53037356 53037356 636448272
11 24
 70065437 70065437 840785244
11 25
 86318670 86318670 1035824040
11 26
 99187806 99187806 1190253672
11 27
 106321628 106321628 1275859536
11 28
 106321628 106321628 1275859536
11 29
 99187806 99187806 1190253672
11 30
