(2,0) -> 2
(2,1) -> 2

(3,0) -> 2
(3,1) -> 2
(3,2) -> 2
(3,3) -> 2

(4,0) -> 2
(4,1) -> 2
(4,2) -> 2
(4,3) -> 2
(4,4) -> 2
(4,5) -> 2
(4,6) -> 2

(5,0) -> 2
(5,1) -> 2
(5,2) -> 2
(5,3) -> 2
(5,4) -> 3
(5,5) -> 3
(5,6) -> 3
(5,7) -> 2
(5,8) -> 2
(5,9) -> 2
(5,10) -> 2

(6,0) -> 2
(6,1) -> 2
(6,2) -> 2
(6,3) -> 2
(6,4) -> 4 //INTERESTING
(6,5) -> 3
(6,6) -> 3
(6,7) -> 3
(6,8) -> 3
(6,9) -> 3
(6,10) -> 3
(6,11) -> 4 //INTERESTING
(6,12) -> 2
(6,13) -> 2
(6,14) -> 2
(6,15) -> 2

(7,0) -> 2
(7,1) -> 2
(7,2) -> 2
(7,3) -> 2
(7,4) -> 4
(7,5) -> 4
(7,6) -> 4
(7,7) -> 4
(7,8) -> 4
(7,9) -> 4
(7,10) -> 3
(7,11) -> 3
(7,12) -> 4
(7,13) -> 4
(7,14) -> 4
(7,15) -> 4
(7,16) -> 4
(7,17) -> 4
(7,18) -> 2
(7,19) -> 2
(7,20) -> 2
(7,21) -> 2

(8,0) -> 2
(8,1) -> 2
(8,2) -> 2
(8,3) -> 2
(8,4) -> 4
(8,5) -> 4
(8,6) -> 4
(8,7) -> 4
(8,8) -> 4
(8,9) -> 4
(8,10) -> 4
(8,11) -> 4
(8,12) -> 4
(8,13) -> 4
(8,14) -> 4
(8,15) -> 4
(8,16) -> 4
(8,17) -> 4
(8,18) -> 4
(8,19) -> 4
(8,20) -> 4
(8,21) -> 4
(8,22) -> 4
(8,23) -> 4
(8,24) -> 4
(8,25) -> 2
(8,26) -> 2
(8,27) -> 2
(8,28) -> 2
