1	0.48
1	0.49
1	0.48
1	0.48
1	0.47
1	0.48
1	0.47
1	0.48
1	0.47
1	0.48
1	0.47
1	0.48
1	0.48
1	0.48
1	0.48
1	0.47
1	0.48
1	0.48
1	0.48
1	0.48
1	0.48
1	0.48
1	0.48
1	0.48
1	0.48
1	0.48
1	0.48
1	0.47
1	0.47
1	0.48
1	0.47
1	0.47
1	0.48
1	0.48
1	0.47
1	0.47
1	0.47
1	0.48
1	0.49
1	0.47
1	0.48
1	0.48
1	0.47
1	0.48
1	0.49
1	0.48
1	0.48
1	0.48
1	0.48
1	0.48
1	0.49
1	0.48
1	0.48
1	0.48
1	0.47
1	0.47
1	0.49
1	0.48
1	0.47
1	0.48
1	0.48
1	0.47
1	0.48
1	0.48
1	0.47
1	0.47
1	0.47
1	0.48
1	0.47
1	0.48
1	0.47
1	0.48
1	0.48
1	0.47
1	0.47
1	0.48
1	0.48
1	0.48
1	0.48
1	0.47
1	0.47
1	0.48
1	0.48
1	0.48
1	0.47
1	0.47
1	0.48
1	0.48
1	0.47
1	0.47
1	0.47
1	0.47
1	0.47
1	0.48
1	0.48
1	0.48
1	0.47
1	0.47
1	0.47
1	0.49
2	0.47
2	0.47
2	0.45
2	0.45
2	0.45
2	0.45
2	0.46
2	0.45
2	0.47
2	0.46
2	0.45
2	0.45
2	0.46
2	0.45
2	0.45
2	0.45
2	0.45
2	0.45
2	0.46
2	0.46
2	0.45
2	0.46
2	0.45
2	0.45
2	0.46
2	0.46
2	0.45
2	0.45
2	0.45
2	0.45
2	0.45
2	0.45
2	0.46
2	0.45
2	0.46
2	0.45
2	0.45
2	0.45
2	0.47
2	0.45
2	0.46
2	0.45
2	0.45
2	0.45
2	0.45
2	0.46
2	0.45
2	0.45
2	0.45
2	0.45
2	0.45
2	0.46
2	0.45
2	0.46
2	0.45
2	0.45
2	0.45
2	0.46
2	0.45
2	0.45
2	0.45
2	0.45
2	0.45
2	0.45
2	0.47
2	0.45
2	0.45
2	0.45
2	0.45
2	0.45
2	0.46
2	0.45
2	0.45
2	0.45
2	0.45
2	0.45
2	0.46
2	0.47
2	0.46
2	0.45
2	0.45
2	0.45
2	0.45
2	0.46
2	0.45
2	0.45
2	0.45
2	0.45
2	0.45
2	0.45
2	0.46
2	0.45
2	0.45
2	0.45
2	0.45
2	0.45
2	0.46
2	0.45
2	0.45
2	0.45
3	0.44
3	0.43
3	0.43
3	0.44
3	0.43
3	0.43
3	0.43
3	0.43
3	0.43
3	0.43
3	0.44
3	0.43
3	0.43
3	0.43
3	0.43
3	0.43
3	0.44
3	0.43
3	0.44
3	0.43
3	0.43
3	0.43
3	0.43
3	0.44
3	0.43
3	0.43
3	0.44
3	0.43
3	0.43
3	0.43
3	0.44
3	0.45
3	0.45
3	0.44
3	0.43
3	0.43
3	0.44
3	0.44
3	0.43
3	0.43
3	0.43
3	0.43
3	0.43
3	0.44
3	0.43
3	0.43
3	0.43
3	0.43
3	0.43
3	0.43
3	0.44
3	0.43
3	0.43
3	0.45
3	0.43
3	0.43
3	0.43
3	0.44
3	0.43
3	0.44
3	0.43
3	0.43
3	0.43
3	0.43
3	0.44
3	0.43
3	0.45
3	0.43
3	0.43
3	0.43
3	0.44
3	0.44
3	0.43
3	0.43
3	0.43
3	0.43
3	0.43
3	0.44
3	0.43
3	0.43
3	0.43
3	0.43
3	0.43
3	0.43
3	0.44
3	0.43
3	0.43
3	0.43
3	0.43
3	0.43
3	0.43
3	0.44
3	0.43
3	0.43
3	0.43
3	0.43
3	0.43
3	0.43
3	0.44
3	0.43
4	0.41
4	0.44
4	0.41
4	0.41
4	0.42
4	0.42
4	0.41
4	0.41
4	0.41
4	0.41
4	0.41
4	0.42
4	0.42
4	0.41
4	0.41
4	0.41
4	0.41
4	0.41
4	0.41
4	0.42
4	0.41
4	0.41
4	0.41
4	0.41
4	0.41
4	0.42
4	0.42
4	0.42
4	0.41
4	0.41
4	0.42
4	0.41
4	0.41
4	0.42
4	0.41
4	0.41
4	0.41
4	0.41
4	0.41
4	0.41
4	0.42
4	0.41
4	0.41
4	0.41
4	0.41
4	0.41
4	0.41
4	0.42
4	0.42
4	0.41
4	0.41
4	0.41
4	0.41
4	0.42
4	0.42
4	0.41
4	0.41
4	0.41
4	0.41
4	0.41
4	0.42
4	0.42
4	0.41
4	0.41
4	0.41
4	0.41
4	0.41
4	0.41
4	0.42
4	0.42
4	0.43
4	0.43
4	0.42
4	0.41
4	0.41
4	0.42
4	0.41
4	0.41
4	0.41
4	0.41
4	0.41
4	0.41
4	0.42
4	0.41
4	0.41
4	0.41
4	0.41
4	0.41
4	0.41
4	0.42
4	0.41
4	0.41
4	0.41
4	0.41
4	0.41
4	0.41
4	0.42
4	0.41
4	0.41
4	0.41
5	0.40
5	0.40
5	0.40
5	0.40
5	0.40
5	0.40
5	0.40
5	0.40
5	0.40
5	0.40
5	0.40
5	0.41
5	0.40
5	0.40
5	0.40
5	0.40
5	0.40
5	0.40
5	0.40
5	0.40
5	0.40
5	0.40
5	0.40
5	0.40
5	0.40
5	0.40
5	0.41
5	0.40
5	0.40
5	0.40
5	0.40
5	0.40
5	0.40
5	0.41
5	0.40
5	0.40
5	0.40
5	0.40
5	0.40
5	0.40
5	0.40
5	0.39
5	0.40
5	0.40
5	0.40
5	0.40
5	0.40
5	0.40
5	0.40
5	0.40
5	0.40
5	0.40
5	0.40
5	0.40
5	0.40
5	0.41
5	0.40
5	0.40
5	0.40
5	0.40
5	0.40
5	0.40
5	0.41
5	0.40
5	0.40
5	0.40
5	0.40
5	0.39
5	0.40
5	0.40
5	0.40
5	0.40
5	0.40
5	0.40
5	0.40
5	0.40
5	0.40
5	0.41
5	0.40
5	0.40
5	0.40
5	0.39
5	0.40
5	0.40
5	0.40
5	0.41
5	0.40
5	0.40
5	0.40
5	0.40
5	0.40
5	0.40
5	0.41
5	0.40
5	0.40
5	0.40
5	0.40
5	0.40
5	0.40
5	0.41
6	0.38
6	0.38
6	0.38
6	0.39
6	0.39
6	0.38
6	0.39
6	0.39
6	0.39
6	0.38
6	0.39
6	0.38
6	0.39
6	0.38
6	0.39
6	0.38
6	0.39
6	0.40
6	0.40
6	0.39
6	0.38
6	0.38
6	0.39
6	0.39
6	0.39
6	0.39
6	0.39
6	0.39
6	0.38
6	0.39
6	0.38
6	0.39
6	0.39
6	0.39
6	0.38
6	0.38
6	0.39
6	0.39
6	0.38
6	0.38
6	0.38
6	0.38
6	0.39
6	0.38
6	0.40
6	0.39
6	0.38
6	0.39
6	0.38
6	0.39
6	0.38
6	0.38
6	0.40
6	0.38
6	0.39
6	0.38
6	0.38
6	0.39
6	0.39
6	0.39
6	0.41
6	0.38
6	0.39
6	0.38
6	0.39
6	0.38
6	0.39
6	0.39
6	0.38
6	0.38
6	0.38
6	0.38
6	0.38
6	0.38
6	0.38
6	0.39
6	0.38
6	0.38
6	0.38
6	0.38
6	0.38
6	0.39
6	0.39
6	0.39
6	0.39
6	0.38
6	0.38
6	0.38
6	0.38
6	0.38
6	0.39
6	0.39
6	0.40
6	0.39
6	0.38
6	0.39
6	0.39
6	0.39
6	0.39
6	0.38
7	0.37
7	0.37
7	0.37
7	0.37
7	0.37
7	0.39
7	0.37
7	0.37
7	0.37
7	0.37
7	0.37
7	0.37
7	0.37
7	0.38
7	0.38
7	0.37
7	0.37
7	0.38
7	0.37
7	0.37
7	0.38
7	0.38
7	0.38
7	0.37
7	0.37
7	0.37
7	0.37
7	0.37
7	0.38
7	0.38
7	0.37
7	0.38
7	0.37
7	0.37
7	0.38
7	0.37
7	0.38
7	0.38
7	0.37
7	0.37
7	0.38
7	0.37
7	0.37
7	0.38
7	0.38
7	0.37
7	0.38
7	0.38
7	0.37
7	0.37
7	0.37
7	0.37
7	0.38
7	0.37
7	0.37
7	0.37
7	0.37
7	0.37
7	0.37
7	0.37
7	0.38
7	0.38
7	0.37
7	0.37
7	0.37
7	0.37
7	0.38
7	0.37
7	0.38
7	0.38
7	0.38
7	0.39
7	0.39
7	0.38
7	0.37
7	0.38
7	0.37
7	0.37
7	0.38
7	0.37
7	0.37
7	0.37
7	0.37
7	0.38
7	0.37
7	0.37
7	0.37
7	0.37
7	0.37
7	0.37
7	0.37
7	0.38
7	0.37
7	0.37
7	0.37
7	0.37
7	0.37
7	0.37
7	0.38
7	0.38
8	0.36
8	0.36
8	0.36
8	0.37
8	0.36
8	0.36
8	0.36
8	0.37
8	0.37
8	0.37
8	0.37
8	0.37
8	0.37
8	0.37
8	0.36
8	0.38
8	0.36
8	0.36
8	0.36
8	0.36
8	0.36
8	0.36
8	0.36
8	0.37
8	0.36
8	0.37
8	0.36
8	0.38
8	0.36
8	0.36
8	0.36
8	0.37
8	0.36
8	0.36
8	0.36
8	0.37
8	0.36
8	0.36
8	0.37
8	0.37
8	0.36
8	0.36
8	0.36
8	0.36
8	0.37
8	0.36
8	0.37
8	0.37
8	0.37
8	0.36
8	0.37
8	0.36
8	0.37
8	0.37
8	0.37
8	0.37
8	0.36
8	0.36
8	0.37
8	0.37
8	0.36
8	0.37
8	0.37
8	0.37
8	0.36
8	0.37
8	0.36
8	0.36
8	0.37
8	0.37
8	0.38
8	0.37
8	0.37
8	0.38
8	0.38
8	0.37
8	0.37
8	0.37
8	0.38
8	0.39
8	0.39
8	0.38
8	0.37
8	0.37
8	0.36
8	0.37
8	0.37
8	0.37
8	0.37
8	0.36
8	0.37
8	0.37
8	0.37
8	0.37
8	0.38
8	0.36
8	0.37
8	0.37
8	0.37
8	0.36
9	0.36
9	0.36
9	0.37
9	0.36
9	0.36
9	0.36
9	0.36
9	0.36
9	0.37
9	0.36
9	0.37
9	0.37
9	0.36
9	0.36
9	0.36
9	0.36
9	0.37
9	0.38
9	0.39
9	0.38
9	0.37
9	0.37
9	0.37
9	0.36
9	0.37
9	0.37
9	0.37
9	0.37
9	0.37
9	0.38
9	0.38
9	0.38
9	0.37
9	0.37
9	0.36
9	0.36
9	0.36
9	0.35
9	0.36
9	0.36
9	0.35
9	0.36
9	0.36
9	0.36
9	0.36
9	0.36
9	0.36
9	0.36
9	0.35
9	0.36
9	0.37
9	0.36
9	0.36
9	0.36
9	0.36
9	0.36
9	0.36
9	0.36
9	0.37
9	0.36
9	0.36
9	0.36
9	0.36
9	0.36
9	0.36
9	0.35
9	0.37
9	0.36
9	0.36
9	0.36
9	0.36
9	0.36
9	0.36
9	0.35
9	0.37
9	0.36
9	0.36
9	0.36
9	0.36
9	0.39
9	0.37
9	0.39
9	0.37
9	0.37
9	0.36
9	0.36
9	0.36
9	0.36
9	0.36
9	0.36
9	0.37
9	0.36
9	0.36
9	0.36
9	0.36
9	0.36
9	0.36
9	0.36
9	0.36
9	0.36
10	0.35
10	0.35
10	0.35
10	0.35
10	0.35
10	0.35
10	0.35
10	0.35
10	0.35
10	0.35
10	0.35
10	0.35
10	0.35
10	0.35
10	0.35
10	0.35
10	0.35
10	0.35
10	0.36
10	0.35
10	0.36
10	0.35
10	0.35
10	0.36
10	0.35
10	0.35
10	0.35
10	0.35
10	0.35
10	0.35
10	0.35
10	0.35
10	0.35
10	0.35
10	0.35
10	0.35
10	0.35
10	0.35
10	0.35
10	0.35
10	0.36
10	0.35
10	0.35
10	0.35
10	0.35
10	0.35
10	0.35
10	0.35
10	0.36
10	0.35
10	0.35
10	0.35
10	0.35
10	0.35
10	0.35
10	0.35
10	0.35
10	0.37
10	0.35
10	0.35
10	0.35
10	0.35
10	0.35
10	0.36
10	0.36
10	0.36
10	0.35
10	0.35
10	0.35
10	0.35
10	0.35
10	0.35
10	0.35
10	0.35
10	0.35
10	0.35
10	0.35
10	0.35
10	0.35
10	0.35
10	0.35
10	0.35
10	0.36
10	0.35
10	0.35
10	0.35
10	0.35
10	0.35
10	0.35
10	0.35
10	0.36
10	0.35
10	0.35
10	0.35
10	0.35
10	0.35
10	0.35
10	0.35
10	0.36
10	0.35
11	0.34
11	0.34
11	0.34
11	0.34
11	0.34
11	0.34
11	0.34
11	0.35
11	0.34
11	0.34
11	0.34
11	0.34
11	0.34
11	0.34
11	0.34
11	0.34
11	0.34
11	0.34
11	0.34
11	0.34
11	0.34
11	0.34
11	0.34
11	0.34
11	0.35
11	0.34
11	0.34
11	0.34
11	0.34
11	0.34
11	0.34
11	0.34
11	0.34
11	0.35
11	0.34
11	0.36
11	0.34
11	0.34
11	0.34
11	0.34
11	0.34
11	0.36
11	0.34
11	0.34
11	0.35
11	0.34
11	0.35
11	0.36
11	0.37
11	0.36
11	0.34
11	0.34
11	0.34
11	0.34
11	0.34
11	0.34
11	0.34
11	0.34
11	0.35
11	0.34
11	0.38
11	0.37
11	0.35
11	0.35
11	0.34
11	0.34
11	0.35
11	0.34
11	0.34
11	0.34
11	0.34
11	0.34
11	0.34
11	0.34
11	0.34
11	0.34
11	0.34
11	0.34
11	0.34
11	0.34
11	0.34
11	0.34
11	0.34
11	0.35
11	0.34
11	0.34
11	0.34
11	0.34
11	0.34
11	0.34
11	0.34
11	0.34
11	0.35
11	0.34
11	0.34
11	0.34
11	0.34
11	0.34
11	0.34
11	0.34
12	0.33
12	0.34
12	0.33
12	0.33
12	0.33
12	0.34
12	0.33
12	0.33
12	0.33
12	0.33
12	0.33
12	0.34
12	0.33
12	0.33
12	0.33
12	0.33
12	0.33
12	0.33
12	0.33
12	0.33
12	0.33
12	0.33
12	0.33
12	0.33
12	0.33
12	0.33
12	0.33
12	0.34
12	0.33
12	0.33
12	0.33
12	0.33
12	0.33
12	0.33
12	0.33
12	0.33
12	0.34
12	0.33
12	0.34
12	0.34
12	0.35
12	0.36
12	0.34
12	0.34
12	0.34
12	0.34
12	0.34
12	0.33
12	0.33
12	0.34
12	0.34
12	0.34
12	0.34
12	0.35
12	0.34
12	0.35
12	0.33
12	0.33
12	0.35
12	0.33
12	0.33
12	0.33
12	0.34
12	0.34
12	0.33
12	0.33
12	0.34
12	0.34
12	0.33
12	0.33
12	0.37
12	0.36
12	0.36
12	0.36
12	0.36
12	0.34
12	0.34
12	0.33
12	0.33
12	0.36
12	0.34
12	0.33
12	0.33
12	0.33
12	0.33
12	0.33
12	0.33
12	0.33
12	0.33
12	0.33
12	0.33
12	0.34
12	0.34
12	0.33
12	0.33
12	0.34
12	0.35
12	0.33
12	0.33
12	0.33
13	0.32
13	0.32
13	0.32
13	0.32
13	0.32
13	0.32
13	0.32
13	0.32
13	0.32
13	0.32
13	0.32
13	0.32
13	0.32
13	0.32
13	0.33
13	0.33
13	0.32
13	0.32
13	0.32
13	0.32
13	0.32
13	0.31
13	0.32
13	0.32
13	0.32
13	0.32
13	0.32
13	0.32
13	0.31
13	0.32
13	0.32
13	0.32
13	0.34
13	0.33
13	0.33
13	0.33
13	0.32
13	0.32
13	0.32
13	0.32
13	0.32
13	0.32
13	0.33
13	0.32
13	0.32
13	0.32
13	0.32
13	0.32
13	0.33
13	0.33
13	0.32
13	0.33
13	0.33
13	0.32
13	0.32
13	0.32
13	0.32
13	0.33
13	0.32
13	0.32
13	0.32
13	0.32
13	0.32
13	0.32
13	0.32
13	0.32
13	0.32
13	0.32
13	0.32
13	0.33
13	0.32
13	0.32
13	0.32
13	0.32
13	0.32
13	0.32
13	0.32
13	0.32
13	0.33
13	0.32
13	0.32
13	0.32
13	0.31
13	0.32
13	0.32
13	0.32
13	0.32
13	0.32
13	0.32
13	0.32
13	0.32
13	0.32
13	0.32
13	0.32
13	0.32
13	0.32
13	0.32
13	0.32
13	0.32
13	0.32
14	0.30
14	0.31
14	0.31
14	0.31
14	0.31
14	0.31
14	0.32
14	0.31
14	0.31
14	0.31
14	0.31
14	0.31
14	0.31
14	0.30
14	0.30
14	0.31
14	0.31
14	0.31
14	0.31
14	0.31
14	0.31
14	0.31
14	0.31
14	0.30
14	0.31
14	0.31
14	0.31
14	0.31
14	0.30
14	0.31
14	0.31
14	0.31
14	0.31
14	0.31
14	0.31
14	0.31
14	0.31
14	0.31
14	0.32
14	0.32
14	0.31
14	0.33
14	0.31
14	0.32
14	0.32
14	0.31
14	0.31
14	0.31
14	0.32
14	0.32
14	0.32
14	0.32
14	0.31
14	0.32
14	0.32
14	0.31
14	0.30
14	0.31
14	0.31
14	0.31
14	0.31
14	0.31
14	0.32
14	0.32
14	0.31
14	0.31
14	0.31
14	0.31
14	0.30
14	0.31
14	0.31
14	0.31
14	0.31
14	0.31
14	0.32
14	0.32
14	0.32
14	0.32
14	0.31
14	0.31
14	0.31
14	0.32
14	0.32
14	0.32
14	0.33
14	0.31
14	0.32
14	0.32
14	0.33
14	0.32
14	0.32
14	0.31
14	0.32
14	0.32
14	0.31
14	0.31
14	0.32
14	0.31
14	0.31
14	0.32
15	0.31
15	0.30
15	0.30
15	0.30
15	0.31
15	0.30
15	0.30
15	0.31
15	0.30
15	0.31
15	0.30
15	0.30
15	0.30
15	0.31
15	0.30
15	0.29
15	0.29
15	0.29
15	0.30
15	0.30
15	0.29
15	0.30
15	0.30
15	0.29
15	0.29
15	0.29
15	0.29
15	0.30
15	0.30
15	0.30
15	0.30
15	0.29
15	0.30
15	0.29
15	0.29
15	0.29
15	0.29
15	0.30
15	0.30
15	0.32
15	0.30
15	0.30
15	0.30
15	0.30
15	0.31
15	0.31
15	0.30
15	0.29
15	0.31
15	0.30
15	0.30
15	0.30
15	0.29
15	0.29
15	0.30
15	0.30
15	0.30
15	0.30
15	0.30
15	0.30
15	0.30
15	0.30
15	0.30
15	0.30
15	0.29
15	0.30
15	0.30
15	0.30
15	0.29
15	0.30
15	0.30
15	0.30
15	0.30
15	0.29
15	0.30
15	0.29
15	0.29
15	0.31
15	0.30
15	0.30
15	0.30
15	0.29
15	0.30
15	0.31
15	0.30
15	0.31
15	0.30
15	0.30
15	0.30
15	0.31
15	0.30
15	0.30
15	0.30
15	0.30
15	0.30
15	0.30
15	0.30
15	0.30
15	0.29
15	0.30
16	0.29
16	0.29
16	0.29
16	0.29
16	0.29
16	0.29
16	0.28
16	0.29
16	0.29
16	0.29
16	0.28
16	0.28
16	0.28
16	0.29
16	0.28
16	0.28
16	0.28
16	0.28
16	0.28
16	0.29
16	0.28
16	0.28
16	0.28
16	0.28
16	0.28
16	0.28
16	0.28
16	0.28
16	0.28
16	0.28
16	0.28
16	0.28
16	0.28
16	0.28
16	0.28
16	0.28
16	0.29
16	0.29
16	0.29
16	0.30
16	0.29
16	0.28
16	0.29
16	0.29
16	0.28
16	0.28
16	0.28
16	0.28
16	0.29
16	0.29
16	0.29
16	0.29
16	0.28
16	0.29
16	0.28
16	0.28
16	0.28
16	0.29
16	0.28
16	0.28
16	0.28
16	0.28
16	0.28
16	0.28
16	0.28
16	0.28
16	0.28
16	0.28
16	0.28
16	0.28
16	0.28
16	0.28
16	0.28
16	0.28
16	0.29
16	0.29
16	0.28
16	0.29
16	0.30
16	0.28
16	0.28
16	0.28
16	0.28
16	0.28
16	0.29
16	0.29
16	0.29
16	0.28
16	0.28
16	0.28
16	0.29
16	0.29
16	0.28
16	0.28
16	0.28
16	0.29
16	0.28
16	0.29
16	0.28
16	0.29
17	0.27
17	0.27
17	0.27
17	0.27
17	0.27
17	0.27
17	0.27
17	0.27
17	0.27
17	0.27
17	0.27
17	0.27
17	0.27
17	0.27
17	0.27
17	0.27
17	0.27
17	0.28
17	0.27
17	0.27
17	0.27
17	0.27
17	0.27
17	0.27
17	0.27
17	0.29
17	0.28
17	0.27
17	0.29
17	0.27
17	0.28
17	0.28
17	0.27
17	0.27
17	0.27
17	0.27
17	0.27
17	0.27
17	0.27
17	0.27
17	0.27
17	0.27
17	0.27
17	0.27
17	0.28
17	0.28
17	0.29
17	0.28
17	0.27
17	0.29
17	0.29
17	0.30
17	0.27
17	0.28
17	0.27
17	0.27
17	0.27
17	0.27
17	0.28
17	0.28
17	0.27
17	0.27
17	0.27
17	0.27
17	0.27
17	0.27
17	0.27
17	0.27
17	0.27
17	0.27
17	0.28
17	0.27
17	0.27
17	0.27
17	0.27
17	0.27
17	0.27
17	0.29
17	0.30
17	0.28
17	0.27
17	0.27
17	0.27
17	0.27
17	0.27
17	0.27
17	0.27
17	0.27
17	0.28
17	0.27
17	0.27
17	0.28
17	0.27
17	0.27
17	0.28
17	0.30
17	0.28
17	0.27
17	0.27
17	0.27
18	0.26
18	0.26
18	0.26
18	0.25
18	0.26
18	0.26
18	0.26
18	0.26
18	0.26
18	0.27
18	0.26
18	0.28
18	0.26
18	0.26
18	0.26
18	0.26
18	0.26
18	0.26
18	0.26
18	0.25
18	0.25
18	0.26
18	0.26
18	0.26
18	0.25
18	0.25
18	0.26
18	0.26
18	0.26
18	0.26
18	0.26
18	0.26
18	0.28
18	0.28
18	0.26
18	0.26
18	0.26
18	0.26
18	0.26
18	0.26
18	0.25
18	0.26
18	0.25
18	0.25
18	0.26
18	0.26
18	0.26
18	0.29
18	0.29
18	0.29
18	0.29
18	0.27
18	0.25
18	0.26
18	0.26
18	0.26
18	0.26
18	0.26
18	0.26
18	0.26
18	0.26
18	0.26
18	0.26
18	0.26
18	0.26
18	0.26
18	0.26
18	0.26
18	0.26
18	0.26
18	0.25
18	0.26
18	0.26
18	0.26
18	0.26
18	0.26
18	0.26
18	0.26
18	0.26
18	0.26
18	0.26
18	0.26
18	0.28
18	0.27
18	0.27
18	0.27
18	0.27
18	0.26
18	0.27
18	0.29
18	0.26
18	0.27
18	0.26
18	0.26
18	0.26
18	0.27
18	0.26
18	0.26
18	0.26
18	0.27
19	0.25
19	0.25
19	0.25
19	0.25
19	0.25
19	0.25
19	0.25
19	0.26
19	0.25
19	0.25
19	0.25
19	0.26
19	0.25
19	0.25
19	0.25
19	0.25
19	0.26
19	0.25
19	0.25
19	0.25
19	0.25
19	0.25
19	0.25
19	0.25
19	0.25
19	0.25
19	0.25
19	0.25
19	0.25
19	0.25
19	0.25
19	0.26
19	0.26
19	0.25
19	0.24
19	0.25
19	0.24
19	0.24
19	0.26
19	0.25
19	0.26
19	0.25
19	0.25
19	0.25
19	0.24
19	0.24
19	0.24
19	0.24
19	0.25
19	0.24
19	0.24
19	0.24
19	0.25
19	0.24
19	0.24
19	0.24
19	0.25
19	0.24
19	0.24
19	0.24
19	0.24
19	0.24
19	0.24
19	0.24
19	0.25
19	0.24
19	0.24
19	0.24
19	0.24
19	0.24
19	0.24
19	0.24
19	0.24
19	0.24
19	0.24
19	0.24
19	0.25
19	0.24
19	0.24
19	0.24
19	0.24
19	0.24
19	0.24
19	0.24
19	0.24
19	0.24
19	0.24
19	0.24
19	0.25
19	0.24
19	0.24
19	0.24
19	0.24
19	0.24
19	0.25
19	0.24
19	0.24
19	0.25
19	0.25
19	0.25
20	0.24
20	0.24
20	0.24
20	0.24
20	0.23
20	0.25
20	0.25
20	0.23
20	0.23
20	0.23
20	0.25
20	0.24
20	0.24
20	0.23
20	0.23
20	0.23
20	0.23
20	0.23
20	0.23
20	0.23
20	0.23
20	0.23
20	0.23
20	0.23
20	0.23
20	0.23
20	0.23
20	0.23
20	0.23
20	0.23
20	0.23
20	0.23
20	0.23
20	0.24
20	0.25
20	0.23
20	0.24
20	0.24
20	0.23
20	0.24
20	0.24
20	0.23
20	0.23
20	0.25
20	0.26
20	0.24
20	0.23
20	0.23
20	0.23
20	0.23
20	0.23
20	0.26
20	0.24
20	0.23
20	0.23
20	0.23
20	0.23
20	0.23
20	0.23
20	0.24
20	0.26
20	0.25
20	0.24
20	0.23
20	0.23
20	0.24
20	0.24
20	0.25
20	0.24
20	0.24
20	0.23
20	0.23
20	0.23
20	0.24
20	0.23
20	0.23
20	0.23
20	0.23
20	0.23
20	0.23
20	0.23
20	0.23
20	0.23
20	0.26
20	0.24
20	0.24
20	0.24
20	0.24
20	0.23
20	0.26
20	0.25
20	0.24
20	0.24
20	0.23
20	0.26
20	0.23
20	0.24
20	0.25
20	0.26
20	0.33
21	0.26
21	0.24
21	0.24
21	0.23
21	0.22
21	0.22
21	0.22
21	0.23
21	0.23
21	0.23
21	0.23
21	0.22
21	0.22
21	0.22
21	0.22
21	0.22
21	0.22
21	0.22
21	0.22
21	0.22
21	0.22
21	0.22
21	0.22
21	0.22
21	0.23
21	0.23
21	0.23
21	0.23
21	0.23
21	0.22
21	0.22
21	0.22
21	0.22
21	0.22
21	0.22
21	0.22
21	0.22
21	0.22
21	0.22
21	0.22
21	0.22
21	0.22
21	0.22
21	0.22
21	0.22
21	0.22
21	0.22
21	0.24
21	0.23
21	0.22
21	0.25
21	0.23
21	0.24
21	0.22
21	0.22
21	0.22
21	0.22
21	0.22
21	0.22
21	0.22
21	0.22
21	0.23
21	0.24
21	0.25
21	0.25
21	0.24
21	0.24
21	0.26
21	0.27
21	0.26
21	0.24
21	0.24
21	0.24
21	0.24
21	0.23
21	0.23
21	0.25
21	0.23
21	0.22
21	0.23
21	0.23
21	0.23
21	0.23
21	0.23
21	0.22
21	0.23
21	0.22
21	0.23
21	0.23
21	0.23
21	0.23
21	0.22
21	0.22
21	0.22
21	0.22
21	0.22
21	0.22
21	0.23
21	0.22
21	0.22
22	0.21
22	0.21
22	0.21
22	0.21
22	0.21
22	0.22
22	0.21
22	0.21
22	0.21
22	0.21
22	0.21
22	0.21
22	0.21
22	0.21
22	0.21
22	0.21
22	0.21
22	0.21
22	0.21
22	0.21
22	0.21
22	0.21
22	0.21
22	0.22
22	0.22
22	0.21
22	0.21
22	0.21
22	0.21
22	0.21
22	0.21
22	0.21
22	0.21
22	0.21
22	0.21
22	0.21
22	0.21
22	0.21
22	0.21
22	0.21
22	0.21
22	0.21
22	0.21
22	0.21
22	0.21
22	0.21
22	0.21
22	0.21
22	0.21
22	0.21
22	0.21
22	0.21
22	0.21
22	0.21
22	0.21
22	0.21
22	0.21
22	0.21
22	0.21
22	0.21
22	0.21
22	0.21
22	0.21
22	0.21
22	0.21
22	0.21
22	0.21
22	0.21
22	0.21
22	0.21
22	0.21
22	0.21
22	0.21
22	0.21
22	0.21
22	0.21
22	0.21
22	0.21
22	0.21
22	0.21
22	0.21
22	0.21
22	0.21
22	0.21
22	0.21
22	0.21
22	0.21
22	0.21
22	0.21
22	0.21
22	0.21
22	0.21
22	0.21
22	0.21
22	0.21
22	0.21
22	0.21
22	0.21
22	0.21
22	0.21
23	0.20
23	0.20
23	0.20
23	0.20
23	0.20
23	0.20
23	0.20
23	0.20
23	0.22
23	0.23
23	0.22
23	0.21
23	0.21
23	0.20
23	0.20
23	0.20
23	0.21
23	0.20
23	0.20
23	0.20
23	0.20
23	0.20
23	0.20
23	0.21
23	0.21
23	0.21
23	0.21
23	0.21
23	0.20
23	0.20
23	0.20
23	0.20
23	0.20
23	0.20
23	0.20
23	0.20
23	0.20
23	0.20
23	0.22
23	0.21
23	0.21
23	0.21
23	0.21
23	0.20
23	0.20
23	0.20
23	0.20
23	0.20
23	0.20
23	0.20
23	0.20
23	0.20
23	0.20
23	0.20
23	0.20
23	0.20
23	0.21
23	0.21
23	0.21
23	0.21
23	0.20
23	0.20
23	0.20
23	0.20
23	0.20
23	0.20
23	0.20
23	0.20
23	0.20
23	0.20
23	0.20
23	0.21
23	0.21
23	0.21
23	0.21
23	0.21
23	0.20
23	0.20
23	0.20
23	0.20
23	0.20
23	0.20
23	0.20
23	0.20
23	0.20
23	0.20
23	0.20
23	0.20
23	0.20
23	0.20
23	0.21
23	0.21
23	0.21
23	0.21
23	0.21
23	0.20
23	0.20
23	0.20
23	0.20
23	0.20
24	0.19
24	0.19
24	0.19
24	0.19
24	0.19
24	0.20
24	0.20
24	0.20
24	0.20
24	0.20
24	0.19
24	0.19
24	0.19
24	0.19
24	0.19
24	0.19
24	0.19
24	0.19
24	0.19
24	0.19
24	0.19
24	0.19
24	0.19
24	0.19
24	0.20
24	0.20
24	0.20
24	0.20
24	0.19
24	0.20
24	0.19
24	0.19
24	0.19
24	0.19
24	0.19
24	0.19
24	0.19
24	0.19
24	0.19
24	0.19
24	0.19
24	0.20
24	0.20
24	0.20
24	0.19
24	0.19
24	0.19
24	0.19
24	0.19
24	0.19
24	0.20
24	0.20
24	0.20
24	0.19
24	0.20
24	0.19
24	0.19
24	0.19
24	0.19
24	0.19
24	0.19
24	0.19
24	0.19
24	0.19
24	0.19
24	0.19
24	0.19
24	0.19
24	0.19
24	0.19
24	0.20
24	0.20
24	0.20
24	0.19
24	0.20
24	0.19
24	0.19
24	0.19
24	0.19
24	0.19
24	0.19
24	0.19
24	0.19
24	0.19
24	0.19
24	0.19
24	0.19
24	0.19
24	0.19
24	0.19
24	0.19
24	0.20
24	0.19
24	0.20
24	0.19
24	0.19
24	0.19
24	0.19
24	0.18
24	0.19
25	0.18
25	0.18
25	0.18
25	0.18
25	0.19
25	0.19
25	0.19
25	0.19
25	0.19
25	0.18
25	0.18
25	0.18
25	0.18
25	0.18
25	0.18
25	0.18
25	0.18
25	0.19
25	0.19
25	0.19
25	0.19
25	0.19
25	0.18
25	0.18
25	0.18
25	0.18
25	0.18
25	0.19
25	0.19
25	0.19
25	0.19
25	0.19
25	0.18
25	0.18
25	0.18
25	0.18
25	0.18
25	0.18
25	0.18
25	0.18
25	0.18
25	0.18
25	0.18
25	0.18
25	0.18
25	0.18
25	0.18
25	0.18
25	0.18
25	0.18
25	0.18
25	0.18
25	0.18
25	0.18
25	0.18
25	0.18
25	0.18
25	0.18
25	0.18
25	0.18
25	0.18
25	0.18
25	0.18
25	0.18
25	0.18
25	0.18
25	0.18
25	0.18
25	0.18
25	0.18
25	0.18
25	0.19
25	0.19
25	0.19
25	0.19
25	0.19
25	0.18
25	0.18
25	0.19
25	0.18
25	0.18
25	0.18
25	0.18
25	0.18
25	0.18
25	0.18
25	0.18
25	0.18
25	0.18
25	0.18
25	0.18
25	0.18
25	0.18
25	0.18
25	0.18
25	0.18
25	0.18
25	0.18
25	0.18
25	0.18
26	0.17
26	0.17
26	0.17
26	0.17
26	0.17
26	0.17
26	0.17
26	0.17
26	0.17
26	0.17
26	0.17
26	0.17
26	0.17
26	0.17
26	0.17
26	0.17
26	0.17
26	0.17
26	0.17
26	0.17
26	0.17
26	0.17
26	0.17
26	0.17
26	0.17
26	0.17
26	0.17
26	0.17
26	0.17
26	0.17
26	0.18
26	0.18
26	0.18
26	0.18
26	0.19
26	0.18
26	0.17
26	0.17
26	0.17
26	0.17
26	0.17
26	0.17
26	0.17
26	0.17
26	0.17
26	0.17
26	0.17
26	0.17
26	0.17
26	0.17
26	0.17
26	0.17
26	0.17
26	0.17
26	0.17
26	0.17
26	0.17
26	0.17
26	0.17
26	0.17
26	0.17
26	0.17
26	0.17
26	0.17
26	0.17
26	0.17
26	0.17
26	0.17
26	0.17
26	0.17
26	0.17
26	0.17
26	0.17
26	0.17
26	0.17
26	0.17
26	0.17
26	0.17
26	0.17
26	0.17
26	0.17
26	0.17
26	0.17
26	0.17
26	0.17
26	0.17
26	0.17
26	0.17
26	0.18
26	0.18
26	0.18
26	0.18
26	0.18
26	0.19
26	0.18
26	0.17
26	0.17
26	0.18
26	0.19
26	0.19
27	0.17
27	0.16
27	0.16
27	0.16
27	0.16
27	0.17
27	0.16
27	0.16
27	0.17
27	0.16
27	0.16
27	0.16
27	0.16
27	0.17
27	0.16
27	0.16
27	0.16
27	0.16
27	0.16
27	0.16
27	0.16
27	0.17
27	0.16
27	0.16
27	0.16
27	0.17
27	0.17
27	0.16
27	0.16
27	0.16
27	0.16
27	0.16
27	0.16
27	0.16
27	0.16
27	0.16
27	0.16
27	0.16
27	0.16
27	0.16
27	0.16
27	0.16
27	0.16
27	0.16
27	0.16
27	0.16
27	0.16
27	0.16
27	0.16
27	0.16
27	0.16
27	0.16
27	0.16
27	0.16
27	0.16
27	0.16
27	0.16
27	0.16
27	0.16
27	0.16
27	0.16
27	0.16
27	0.16
27	0.16
27	0.16
27	0.16
27	0.16
27	0.16
27	0.16
27	0.16
27	0.16
27	0.16
27	0.16
27	0.16
27	0.16
27	0.16
27	0.16
27	0.17
27	0.16
27	0.17
27	0.18
27	0.18
27	0.18
27	0.17
27	0.17
27	0.17
27	0.17
27	0.17
27	0.17
27	0.17
27	0.17
27	0.17
27	0.17
27	0.17
27	0.17
27	0.17
27	0.17
27	0.17
27	0.16
27	0.16
28	0.16
28	0.16
28	0.16
28	0.16
28	0.16
28	0.16
28	0.16
28	0.16
28	0.16
28	0.16
28	0.16
28	0.16
28	0.16
28	0.16
28	0.16
28	0.16
28	0.16
28	0.16
28	0.16
28	0.16
28	0.16
28	0.16
28	0.16
28	0.16
28	0.16
28	0.16
28	0.16
28	0.16
28	0.16
28	0.16
28	0.16
28	0.16
28	0.16
28	0.16
28	0.16
28	0.16
28	0.16
28	0.16
28	0.16
28	0.16
28	0.16
28	0.16
28	0.16
28	0.16
28	0.16
28	0.16
28	0.16
28	0.16
28	0.16
28	0.16
28	0.16
28	0.16
28	0.16
28	0.16
28	0.16
28	0.16
28	0.16
28	0.16
28	0.16
28	0.16
28	0.16
28	0.16
28	0.16
28	0.16
28	0.16
28	0.16
28	0.16
28	0.16
28	0.16
28	0.16
28	0.16
28	0.16
28	0.16
28	0.16
28	0.16
28	0.16
28	0.16
28	0.16
28	0.16
28	0.16
28	0.16
28	0.16
28	0.16
28	0.16
28	0.16
28	0.16
28	0.16
28	0.16
28	0.16
28	0.16
28	0.16
28	0.16
28	0.16
28	0.16
28	0.16
28	0.16
28	0.16
28	0.16
28	0.16
28	0.16
29	0.15
29	0.15
29	0.15
29	0.15
29	0.15
29	0.15
29	0.15
29	0.15
29	0.15
29	0.15
29	0.15
29	0.15
29	0.15
29	0.15
29	0.15
29	0.15
29	0.15
29	0.15
29	0.15
29	0.15
29	0.15
29	0.15
29	0.15
29	0.15
29	0.15
29	0.15
29	0.15
29	0.15
29	0.15
29	0.15
29	0.15
29	0.15
29	0.15
29	0.15
29	0.15
29	0.15
29	0.15
29	0.15
29	0.15
29	0.15
29	0.15
29	0.15
29	0.15
29	0.15
29	0.15
29	0.15
29	0.15
29	0.16
29	0.15
29	0.15
29	0.15
29	0.15
29	0.15
29	0.15
29	0.15
29	0.15
29	0.15
29	0.15
29	0.15
29	0.15
29	0.15
29	0.15
29	0.15
29	0.15
29	0.15
29	0.15
29	0.15
29	0.15
29	0.15
29	0.15
29	0.15
29	0.15
29	0.15
29	0.15
29	0.15
29	0.15
29	0.15
29	0.15
29	0.15
29	0.15
29	0.15
29	0.15
29	0.15
29	0.15
29	0.15
29	0.15
29	0.15
29	0.15
29	0.15
29	0.15
29	0.15
29	0.15
29	0.15
29	0.15
29	0.15
29	0.15
29	0.15
29	0.15
29	0.16
29	0.15
30	0.15
30	0.15
30	0.14
30	0.14
30	0.14
30	0.14
30	0.14
30	0.14
30	0.14
30	0.14
30	0.14
30	0.14
30	0.14
30	0.14
30	0.14
30	0.14
30	0.14
30	0.14
30	0.15
30	0.14
30	0.14
30	0.14
30	0.14
30	0.14
30	0.14
30	0.14
30	0.14
30	0.14
30	0.14
30	0.14
30	0.14
30	0.14
30	0.14
30	0.14
30	0.14
30	0.14
30	0.14
30	0.14
30	0.14
30	0.14
30	0.14
30	0.14
30	0.14
30	0.14
30	0.14
30	0.15
30	0.14
30	0.14
30	0.14
30	0.14
30	0.15
30	0.15
30	0.14
30	0.15
30	0.14
30	0.14
30	0.15
30	0.14
30	0.15
30	0.15
30	0.14
30	0.14
30	0.14
30	0.14
30	0.15
30	0.14
30	0.14
30	0.14
30	0.14
30	0.14
30	0.14
30	0.14
30	0.15
30	0.14
30	0.14
30	0.15
30	0.15
30	0.14
30	0.15
30	0.15
30	0.15
30	0.15
30	0.14
30	0.15
30	0.15
30	0.15
30	0.15
30	0.15
30	0.15
30	0.15
30	0.15
30	0.15
30	0.14
30	0.15
30	0.14
30	0.16
30	0.16
30	0.16
30	0.15
30	0.15
31	0.14
31	0.14
31	0.14
31	0.14
31	0.14
31	0.15
31	0.14
31	0.14
31	0.14
31	0.14
31	0.14
31	0.14
31	0.14
31	0.14
31	0.14
31	0.15
31	0.14
31	0.15
31	0.15
31	0.14
31	0.14
31	0.14
31	0.14
31	0.14
31	0.14
31	0.14
31	0.14
31	0.14
31	0.14
31	0.15
31	0.14
31	0.14
31	0.14
31	0.14
31	0.14
31	0.14
31	0.14
31	0.14
31	0.14
31	0.14
31	0.14
31	0.14
31	0.14
31	0.14
31	0.14
31	0.14
31	0.14
31	0.14
31	0.14
31	0.14
31	0.14
31	0.14
31	0.14
31	0.14
31	0.14
31	0.14
31	0.14
31	0.14
31	0.14
31	0.14
31	0.14
31	0.14
31	0.14
31	0.14
31	0.14
31	0.14
31	0.14
31	0.14
31	0.14
31	0.14
31	0.14
31	0.14
31	0.14
31	0.14
31	0.14
31	0.14
31	0.14
31	0.14
31	0.14
31	0.14
31	0.14
31	0.14
31	0.14
31	0.14
31	0.14
31	0.14
31	0.14
31	0.14
31	0.14
31	0.14
31	0.14
31	0.14
31	0.14
31	0.14
31	0.14
31	0.14
31	0.14
31	0.14
31	0.14
31	0.14
32	0.14
32	0.13
32	0.13
32	0.13
32	0.13
32	0.13
32	0.13
32	0.13
32	0.13
32	0.13
32	0.13
32	0.13
32	0.13
32	0.13
32	0.13
32	0.14
32	0.14
32	0.13
32	0.13
32	0.13
32	0.13
32	0.13
32	0.13
32	0.13
32	0.13
32	0.14
32	0.14
32	0.14
32	0.14
32	0.13
32	0.13
32	0.13
32	0.13
32	0.13
32	0.14
32	0.14
32	0.14
32	0.14
32	0.14
32	0.14
32	0.14
32	0.14
32	0.14
32	0.14
32	0.14
32	0.13
32	0.13
32	0.16
32	0.13
32	0.13
32	0.14
32	0.13
32	0.13
32	0.13
32	0.13
32	0.14
32	0.13
32	0.13
32	0.13
32	0.14
32	0.14
32	0.14
32	0.13
32	0.14
32	0.14
32	0.13
32	0.13
32	0.13
32	0.13
32	0.14
32	0.13
32	0.13
32	0.14
32	0.14
32	0.14
32	0.14
32	0.14
32	0.14
32	0.14
32	0.14
32	0.14
32	0.14
32	0.14
32	0.14
32	0.14
32	0.14
32	0.14
32	0.13
32	0.13
32	0.13
32	0.14
32	0.14
32	0.14
32	0.13
32	0.13
32	0.13
32	0.14
32	0.14
32	0.14
32	0.14
33	0.13
33	0.13
33	0.13
33	0.13
33	0.13
33	0.13
33	0.13
33	0.13
33	0.13
33	0.13
33	0.13
33	0.13
33	0.13
33	0.13
33	0.13
33	0.13
33	0.13
33	0.13
33	0.13
33	0.13
33	0.14
33	0.13
33	0.13
33	0.13
33	0.14
33	0.13
33	0.13
33	0.13
33	0.13
33	0.13
33	0.13
33	0.13
33	0.13
33	0.13
33	0.13
33	0.13
33	0.13
33	0.13
33	0.13
33	0.13
33	0.13
33	0.13
33	0.13
33	0.13
33	0.13
33	0.13
33	0.13
33	0.13
33	0.13
33	0.13
33	0.14
33	0.13
33	0.12
33	0.13
33	0.12
33	0.12
33	0.12
33	0.12
33	0.12
33	0.12
33	0.13
33	0.12
33	0.12
33	0.12
33	0.12
33	0.12
33	0.12
33	0.12
33	0.12
33	0.12
33	0.12
33	0.12
33	0.12
33	0.12
33	0.12
33	0.12
33	0.12
33	0.12
33	0.12
33	0.12
33	0.12
33	0.12
33	0.12
33	0.13
33	0.12
33	0.12
33	0.12
33	0.12
33	0.12
33	0.12
33	0.12
33	0.12
33	0.12
33	0.12
33	0.12
33	0.12
33	0.12
33	0.12
33	0.13
33	0.12
34	0.12
34	0.12
34	0.12
34	0.12
34	0.12
34	0.12
34	0.12
34	0.12
34	0.12
34	0.12
34	0.12
34	0.12
34	0.12
34	0.12
34	0.12
34	0.12
34	0.12
34	0.12
34	0.12
34	0.12
34	0.12
34	0.12
34	0.12
34	0.12
34	0.12
34	0.12
34	0.12
34	0.12
34	0.12
34	0.12
34	0.12
34	0.12
34	0.12
34	0.12
34	0.12
34	0.12
34	0.12
34	0.12
34	0.12
34	0.12
34	0.12
34	0.12
34	0.12
34	0.12
34	0.12
34	0.12
34	0.12
34	0.12
34	0.12
34	0.12
34	0.12
34	0.12
34	0.12
34	0.12
34	0.12
34	0.12
34	0.12
34	0.12
34	0.12
34	0.12
34	0.12
34	0.12
34	0.12
34	0.12
34	0.12
34	0.12
34	0.12
34	0.12
34	0.12
34	0.12
34	0.12
34	0.12
34	0.12
34	0.12
34	0.12
34	0.12
34	0.12
34	0.12
34	0.12
34	0.12
34	0.12
34	0.12
34	0.12
34	0.12
34	0.12
34	0.12
34	0.12
34	0.12
34	0.12
34	0.12
34	0.12
34	0.12
34	0.12
34	0.12
34	0.12
34	0.12
34	0.12
34	0.12
34	0.12
34	0.12
35	0.12
35	0.12
35	0.12
35	0.12
35	0.12
35	0.12
35	0.12
35	0.12
35	0.12
35	0.12
35	0.12
35	0.12
35	0.12
35	0.12
35	0.12
35	0.12
35	0.12
35	0.12
35	0.12
35	0.12
35	0.12
35	0.12
35	0.12
35	0.12
35	0.12
35	0.12
35	0.12
35	0.12
35	0.12
35	0.12
35	0.12
35	0.12
35	0.12
35	0.12
35	0.12
35	0.12
35	0.12
35	0.12
35	0.12
35	0.12
35	0.12
35	0.12
35	0.12
35	0.12
35	0.12
35	0.12
35	0.12
35	0.13
35	0.12
35	0.13
35	0.13
35	0.13
35	0.12
35	0.12
35	0.12
35	0.12
35	0.12
35	0.12
35	0.12
35	0.12
35	0.12
35	0.12
35	0.12
35	0.12
35	0.12
35	0.12
35	0.12
35	0.12
35	0.12
35	0.12
35	0.12
35	0.13
35	0.13
35	0.12
35	0.12
35	0.12
35	0.12
35	0.12
35	0.12
35	0.12
35	0.12
35	0.12
35	0.12
35	0.12
35	0.12
35	0.12
35	0.12
35	0.12
35	0.12
35	0.12
35	0.12
35	0.12
35	0.12
35	0.12
35	0.12
35	0.12
35	0.12
35	0.12
35	0.12
35	0.12
36	0.12
36	0.12
36	0.12
36	0.12
36	0.12
36	0.13
36	0.11
36	0.11
36	0.12
36	0.12
36	0.12
36	0.12
36	0.12
36	0.11
36	0.11
36	0.11
36	0.11
36	0.11
36	0.11
36	0.11
36	0.11
36	0.11
36	0.11
36	0.11
36	0.11
36	0.11
36	0.12
36	0.11
36	0.11
36	0.11
36	0.11
36	0.11
36	0.11
36	0.11
36	0.11
36	0.11
36	0.11
36	0.11
36	0.11
36	0.11
36	0.12
36	0.11
36	0.11
36	0.11
36	0.11
36	0.11
36	0.11
36	0.11
36	0.11
36	0.11
36	0.11
36	0.12
36	0.11
36	0.11
36	0.11
36	0.11
36	0.11
36	0.11
36	0.11
36	0.11
36	0.11
36	0.11
36	0.11
36	0.11
36	0.12
36	0.11
36	0.11
36	0.11
36	0.11
36	0.11
36	0.11
36	0.11
36	0.11
36	0.11
36	0.11
36	0.11
36	0.11
36	0.11
36	0.11
36	0.12
36	0.12
36	0.12
36	0.12
36	0.12
36	0.12
36	0.12
36	0.12
36	0.12
36	0.12
36	0.12
36	0.12
36	0.12
36	0.12
36	0.12
36	0.12
36	0.12
36	0.12
36	0.12
36	0.12
36	0.13
37	0.12
37	0.12
37	0.12
37	0.12
37	0.11
37	0.11
37	0.12
37	0.11
37	0.11
37	0.12
37	0.12
37	0.12
37	0.12
37	0.12
37	0.12
37	0.12
37	0.12
37	0.12
37	0.12
37	0.12
37	0.12
37	0.12
37	0.11
37	0.11
37	0.12
37	0.12
37	0.12
37	0.12
37	0.12
37	0.12
37	0.12
37	0.11
37	0.11
37	0.12
37	0.12
37	0.12
37	0.11
37	0.11
37	0.11
37	0.11
37	0.11
37	0.11
37	0.11
37	0.12
37	0.12
37	0.12
37	0.12
37	0.12
37	0.12
37	0.12
37	0.12
37	0.12
37	0.12
37	0.11
37	0.11
37	0.11
37	0.11
37	0.12
37	0.11
37	0.11
37	0.11
37	0.11
37	0.11
37	0.11
37	0.11
37	0.11
37	0.11
37	0.11
37	0.11
37	0.11
37	0.11
37	0.11
37	0.11
37	0.11
37	0.11
37	0.11
37	0.11
37	0.11
37	0.11
37	0.11
37	0.11
37	0.11
37	0.11
37	0.11
37	0.11
37	0.11
37	0.11
37	0.11
37	0.11
37	0.11
37	0.11
37	0.11
37	0.12
37	0.11
37	0.11
37	0.11
37	0.11
37	0.11
37	0.11
37	0.11
38	0.11
38	0.11
38	0.11
38	0.11
38	0.11
38	0.11
38	0.11
38	0.11
38	0.11
38	0.11
38	0.11
38	0.11
38	0.11
38	0.11
38	0.11
38	0.11
38	0.11
38	0.11
38	0.11
38	0.11
38	0.11
38	0.12
38	0.11
38	0.11
38	0.11
38	0.11
38	0.11
38	0.11
38	0.11
38	0.11
38	0.11
38	0.11
38	0.11
38	0.12
38	0.11
38	0.11
38	0.11
38	0.11
38	0.11
38	0.11
38	0.11
38	0.11
38	0.11
38	0.11
38	0.11
38	0.11
38	0.11
38	0.11
38	0.11
38	0.11
38	0.11
38	0.11
38	0.11
38	0.11
38	0.11
38	0.11
38	0.11
38	0.11
38	0.11
38	0.11
38	0.11
38	0.12
38	0.12
38	0.12
38	0.11
38	0.12
38	0.12
38	0.12
38	0.12
38	0.12
38	0.12
38	0.12
38	0.12
38	0.12
38	0.12
38	0.12
38	0.11
38	0.12
38	0.12
38	0.12
38	0.12
38	0.12
38	0.12
38	0.12
38	0.12
38	0.12
38	0.12
38	0.12
38	0.12
38	0.12
38	0.12
38	0.12
38	0.11
38	0.12
38	0.11
38	0.11
38	0.11
38	0.12
38	0.12
38	0.11
39	0.11
39	0.11
39	0.11
39	0.11
39	0.11
39	0.12
39	0.11
39	0.12
39	0.11
39	0.12
39	0.11
39	0.12
39	0.12
39	0.12
39	0.12
39	0.12
39	0.11
39	0.12
39	0.11
39	0.12
39	0.12
39	0.12
39	0.12
39	0.11
39	0.11
39	0.11
39	0.12
39	0.11
39	0.12
39	0.11
39	0.11
39	0.11
39	0.11
39	0.11
39	0.11
39	0.11
39	0.11
39	0.11
39	0.11
39	0.11
39	0.11
39	0.12
39	0.12
39	0.12
39	0.11
39	0.12
39	0.12
39	0.12
39	0.12
39	0.11
39	0.11
39	0.11
39	0.11
39	0.11
39	0.11
39	0.11
39	0.11
39	0.11
39	0.12
39	0.11
39	0.11
39	0.11
39	0.11
39	0.11
39	0.11
39	0.11
39	0.11
39	0.11
39	0.11
39	0.11
39	0.11
39	0.11
39	0.11
39	0.11
39	0.11
39	0.11
39	0.11
39	0.11
39	0.11
39	0.11
39	0.11
39	0.11
39	0.11
39	0.11
39	0.11
39	0.11
39	0.11
39	0.11
39	0.11
39	0.11
39	0.11
39	0.11
39	0.11
39	0.11
39	0.11
39	0.11
39	0.11
39	0.11
39	0.11
39	0.11
40	0.11
40	0.11
40	0.11
40	0.11
40	0.11
40	0.11
40	0.11
40	0.11
40	0.11
40	0.11
40	0.11
40	0.11
40	0.11
40	0.11
40	0.11
40	0.11
40	0.11
40	0.11
40	0.11
40	0.11
40	0.11
40	0.11
40	0.11
40	0.11
40	0.11
40	0.11
40	0.11
40	0.11
40	0.11
40	0.12
40	0.11
40	0.11
40	0.11
40	0.11
40	0.11
40	0.11
40	0.11
40	0.11
40	0.11
40	0.11
40	0.11
40	0.11
40	0.11
40	0.11
40	0.11
40	0.11
40	0.11
40	0.11
40	0.11
40	0.11
40	0.11
40	0.11
40	0.11
40	0.11
40	0.11
40	0.11
40	0.11
40	0.11
40	0.11
40	0.11
40	0.11
40	0.11
40	0.11
40	0.11
40	0.11
40	0.11
40	0.11
40	0.11
40	0.11
40	0.11
40	0.11
40	0.11
40	0.11
40	0.11
40	0.11
40	0.11
40	0.11
40	0.11
40	0.11
40	0.11
40	0.11
40	0.11
40	0.11
40	0.11
40	0.11
40	0.11
40	0.11
40	0.11
40	0.11
40	0.11
40	0.11
40	0.11
40	0.11
40	0.11
40	0.11
40	0.11
40	0.11
40	0.11
40	0.11
40	0.11
41	0.10
41	0.10
41	0.10
41	0.10
41	0.10
41	0.11
41	0.11
41	0.10
41	0.11
41	0.11
41	0.10
41	0.10
41	0.10
41	0.10
41	0.10
41	0.11
41	0.11
41	0.11
41	0.10
41	0.10
41	0.10
41	0.10
41	0.10
41	0.11
41	0.11
41	0.10
41	0.10
41	0.10
41	0.10
41	0.10
41	0.11
41	0.11
41	0.11
41	0.11
41	0.11
41	0.11
41	0.11
41	0.11
41	0.11
41	0.11
41	0.11
41	0.11
41	0.11
41	0.11
41	0.11
41	0.11
41	0.11
41	0.11
41	0.11
41	0.11
41	0.11
41	0.11
41	0.11
41	0.11
41	0.10
41	0.10
41	0.10
41	0.10
41	0.11
41	0.11
41	0.11
41	0.11
41	0.11
41	0.10
41	0.10
41	0.10
41	0.10
41	0.10
41	0.10
41	0.10
41	0.10
41	0.10
41	0.10
41	0.11
41	0.11
41	0.10
41	0.10
41	0.10
41	0.10
41	0.10
41	0.10
41	0.10
41	0.10
41	0.10
41	0.11
41	0.10
41	0.10
41	0.10
41	0.10
41	0.11
41	0.10
41	0.10
41	0.10
41	0.10
41	0.10
41	0.10
41	0.10
41	0.10
41	0.10
41	0.10
42	0.10
42	0.10
42	0.10
42	0.10
42	0.10
42	0.10
42	0.10
42	0.11
42	0.11
42	0.10
42	0.11
42	0.10
42	0.10
42	0.10
42	0.10
42	0.10
42	0.10
42	0.10
42	0.10
42	0.10
42	0.10
42	0.10
42	0.10
42	0.10
42	0.10
42	0.10
42	0.10
42	0.10
42	0.10
42	0.10
42	0.10
42	0.10
42	0.10
42	0.10
42	0.10
42	0.10
42	0.11
42	0.10
42	0.10
42	0.10
42	0.10
42	0.10
42	0.10
42	0.10
42	0.10
42	0.10
42	0.10
42	0.10
42	0.10
42	0.10
42	0.10
42	0.10
42	0.10
42	0.10
42	0.10
42	0.10
42	0.10
42	0.10
42	0.10
42	0.10
42	0.10
42	0.10
42	0.10
42	0.12
42	0.11
42	0.10
42	0.10
42	0.10
42	0.11
42	0.11
42	0.10
42	0.10
42	0.11
42	0.11
42	0.11
42	0.11
42	0.10
42	0.11
42	0.11
42	0.11
42	0.11
42	0.11
42	0.11
42	0.10
42	0.11
42	0.11
42	0.11
42	0.11
42	0.11
42	0.11
42	0.11
42	0.11
42	0.11
42	0.10
42	0.10
42	0.10
42	0.11
42	0.11
42	0.10
42	0.10
43	0.10
43	0.10
43	0.10
43	0.10
43	0.10
43	0.10
43	0.10
43	0.10
43	0.10
43	0.10
43	0.10
43	0.10
43	0.10
43	0.11
43	0.10
43	0.11
43	0.10
43	0.10
43	0.11
43	0.11
43	0.11
43	0.11
43	0.11
43	0.11
43	0.11
43	0.11
43	0.11
43	0.11
43	0.11
43	0.11
43	0.11
43	0.11
43	0.11
43	0.10
43	0.10
43	0.11
43	0.11
43	0.11
43	0.10
43	0.10
43	0.11
43	0.10
43	0.10
43	0.10
43	0.10
43	0.10
43	0.10
43	0.10
43	0.11
43	0.11
43	0.11
43	0.11
43	0.11
43	0.11
43	0.10
43	0.10
43	0.10
43	0.10
43	0.10
43	0.10
43	0.10
43	0.10
43	0.10
43	0.10
43	0.10
43	0.10
43	0.10
43	0.11
43	0.11
43	0.11
43	0.11
43	0.10
43	0.10
43	0.10
43	0.10
43	0.10
43	0.10
43	0.10
43	0.10
43	0.10
43	0.10
43	0.11
43	0.11
43	0.11
43	0.11
43	0.10
43	0.10
43	0.10
43	0.10
43	0.10
43	0.10
43	0.11
43	0.11
43	0.10
43	0.11
43	0.11
43	0.10
43	0.10
43	0.10
43	0.10
44	0.10
44	0.10
44	0.10
44	0.10
44	0.10
44	0.10
44	0.10
44	0.10
44	0.10
44	0.10
44	0.10
44	0.10
44	0.10
44	0.10
44	0.10
44	0.10
44	0.10
44	0.10
44	0.10
44	0.11
44	0.10
44	0.10
44	0.10
44	0.10
44	0.10
44	0.10
44	0.10
44	0.10
44	0.10
44	0.10
44	0.10
44	0.10
44	0.10
44	0.10
44	0.10
44	0.10
44	0.10
44	0.10
44	0.10
44	0.10
44	0.10
44	0.10
44	0.10
44	0.10
44	0.10
44	0.10
44	0.10
44	0.10
44	0.10
44	0.10
44	0.10
44	0.10
44	0.10
44	0.11
44	0.11
44	0.10
44	0.10
44	0.10
44	0.10
44	0.10
44	0.10
44	0.10
44	0.10
44	0.10
44	0.10
44	0.10
44	0.10
44	0.11
44	0.10
44	0.10
44	0.10
44	0.10
44	0.11
44	0.10
44	0.10
44	0.10
44	0.10
44	0.10
44	0.10
44	0.10
44	0.10
44	0.10
44	0.10
44	0.10
44	0.10
44	0.10
44	0.10
44	0.11
44	0.10
44	0.10
44	0.10
44	0.10
44	0.10
44	0.10
44	0.10
44	0.10
44	0.10
44	0.10
44	0.11
44	0.10
45	0.10
45	0.10
45	0.11
45	0.11
45	0.10
45	0.10
45	0.10
45	0.10
45	0.10
45	0.10
45	0.10
45	0.10
45	0.10
45	0.10
45	0.10
45	0.10
45	0.10
45	0.10
45	0.10
45	0.10
45	0.10
45	0.10
45	0.10
45	0.11
45	0.11
45	0.11
45	0.10
45	0.10
45	0.10
45	0.10
45	0.10
45	0.10
45	0.10
45	0.10
45	0.10
45	0.10
45	0.10
45	0.10
45	0.10
45	0.10
45	0.10
45	0.10
45	0.10
45	0.10
45	0.10
45	0.11
45	0.10
45	0.10
45	0.11
45	0.11
45	0.11
45	0.11
45	0.11
45	0.11
45	0.11
45	0.11
45	0.11
45	0.10
45	0.10
45	0.10
45	0.10
45	0.10
45	0.10
45	0.10
45	0.11
45	0.11
45	0.10
45	0.10
45	0.10
45	0.10
45	0.10
45	0.10
45	0.10
45	0.10
45	0.10
45	0.11
45	0.11
45	0.10
45	0.11
45	0.10
45	0.10
45	0.11
45	0.10
45	0.10
45	0.10
45	0.10
45	0.11
45	0.10
45	0.10
45	0.11
45	0.10
45	0.10
45	0.10
45	0.10
45	0.10
45	0.11
45	0.11
45	0.10
45	0.11
45	0.10
46	0.10
46	0.10
46	0.11
46	0.11
46	0.10
46	0.10
46	0.10
46	0.10
46	0.10
46	0.10
46	0.10
46	0.10
46	0.10
46	0.10
46	0.10
46	0.10
46	0.10
46	0.10
46	0.10
46	0.10
46	0.10
46	0.10
46	0.10
46	0.10
46	0.10
46	0.10
46	0.10
46	0.10
46	0.10
46	0.10
46	0.11
46	0.10
46	0.10
46	0.10
46	0.10
46	0.10
46	0.10
46	0.10
46	0.10
46	0.10
46	0.10
46	0.10
46	0.10
46	0.10
46	0.10
46	0.10
46	0.10
46	0.10
46	0.10
46	0.10
46	0.10
46	0.10
46	0.10
46	0.10
46	0.10
46	0.10
46	0.10
46	0.11
46	0.10
46	0.10
46	0.10
46	0.10
46	0.10
46	0.10
46	0.10
46	0.10
46	0.10
46	0.10
46	0.10
46	0.10
46	0.10
46	0.10
46	0.10
46	0.10
46	0.11
46	0.10
46	0.10
46	0.10
46	0.10
46	0.10
46	0.10
46	0.10
46	0.10
46	0.10
46	0.10
46	0.10
46	0.10
46	0.10
46	0.10
46	0.10
46	0.10
46	0.10
46	0.10
46	0.10
46	0.10
46	0.10
46	0.10
46	0.10
46	0.10
46	0.10
47	0.10
47	0.10
47	0.10
47	0.10
47	0.10
47	0.10
47	0.10
47	0.10
47	0.10
47	0.10
47	0.10
47	0.10
47	0.10
47	0.10
47	0.10
47	0.11
47	0.10
47	0.10
47	0.10
47	0.10
47	0.10
47	0.10
47	0.10
47	0.10
47	0.10
47	0.10
47	0.10
47	0.10
47	0.10
47	0.10
47	0.10
47	0.10
47	0.10
47	0.10
47	0.10
47	0.10
47	0.10
47	0.10
47	0.10
47	0.10
47	0.10
47	0.10
47	0.10
47	0.10
47	0.10
47	0.10
47	0.10
47	0.10
47	0.10
47	0.10
47	0.11
47	0.10
47	0.10
47	0.10
47	0.10
47	0.10
47	0.10
47	0.10
47	0.10
47	0.10
47	0.10
47	0.10
47	0.10
47	0.10
47	0.10
47	0.10
47	0.10
47	0.10
47	0.10
47	0.10
47	0.10
47	0.10
47	0.10
47	0.10
47	0.10
47	0.10
47	0.10
47	0.10
47	0.10
47	0.10
47	0.10
47	0.10
47	0.10
47	0.10
47	0.10
47	0.10
47	0.10
47	0.10
47	0.10
47	0.10
47	0.10
47	0.11
47	0.10
47	0.10
47	0.10
47	0.10
47	0.10
47	0.10
47	0.10
47	0.10
48	0.10
48	0.10
48	0.10
48	0.10
48	0.10
48	0.10
48	0.10
48	0.10
48	0.10
48	0.10
48	0.10
48	0.10
48	0.10
48	0.10
48	0.10
48	0.10
48	0.10
48	0.11
48	0.10
48	0.10
48	0.10
48	0.10
48	0.10
48	0.10
48	0.10
48	0.10
48	0.10
48	0.10
48	0.10
48	0.10
48	0.10
48	0.10
48	0.10
48	0.10
48	0.11
48	0.10
48	0.10
48	0.10
48	0.10
48	0.10
48	0.10
48	0.10
48	0.10
48	0.10
48	0.11
48	0.10
48	0.10
48	0.10
48	0.10
48	0.10
48	0.10
48	0.10
48	0.10
48	0.10
48	0.10
48	0.10
48	0.10
48	0.10
48	0.10
48	0.10
48	0.10
48	0.10
48	0.10
48	0.10
48	0.10
48	0.11
48	0.10
48	0.10
48	0.10
48	0.10
48	0.11
48	0.10
48	0.10
48	0.10
48	0.10
48	0.10
48	0.10
48	0.10
48	0.10
48	0.10
48	0.10
48	0.10
48	0.10
48	0.10
48	0.10
48	0.11
48	0.10
48	0.11
48	0.10
48	0.10
48	0.10
48	0.10
48	0.10
48	0.10
48	0.10
48	0.10
48	0.10
48	0.10
48	0.10
48	0.10
49	0.10
49	0.10
49	0.10
49	0.10
49	0.10
49	0.10
49	0.10
49	0.10
49	0.10
49	0.10
49	0.10
49	0.10
49	0.10
49	0.10
49	0.10
49	0.10
49	0.10
49	0.10
49	0.10
49	0.10
49	0.10
49	0.10
49	0.10
49	0.11
49	0.11
49	0.10
49	0.10
49	0.10
49	0.10
49	0.10
49	0.10
49	0.10
49	0.10
49	0.10
49	0.10
49	0.10
49	0.10
49	0.10
49	0.10
49	0.10
49	0.10
49	0.10
49	0.10
49	0.11
49	0.10
49	0.10
49	0.10
49	0.10
49	0.10
49	0.10
49	0.10
49	0.10
49	0.10
49	0.10
49	0.10
49	0.10
49	0.10
49	0.11
49	0.10
49	0.10
49	0.10
49	0.10
49	0.10
49	0.10
49	0.10
49	0.10
49	0.10
49	0.10
49	0.10
49	0.10
49	0.10
49	0.10
49	0.10
49	0.10
49	0.10
49	0.10
49	0.10
49	0.11
49	0.10
49	0.10
49	0.10
49	0.10
49	0.10
49	0.10
49	0.10
49	0.10
49	0.10
49	0.10
49	0.10
49	0.10
49	0.10
49	0.10
49	0.11
49	0.10
49	0.10
49	0.10
49	0.10
49	0.10
49	0.10
49	0.10
50	0.10
50	0.10
50	0.10
50	0.11
50	0.10
50	0.10
50	0.10
50	0.10
50	0.10
50	0.10
50	0.10
50	0.11
50	0.10
50	0.10
50	0.10
50	0.10
50	0.10
50	0.10
50	0.10
50	0.10
50	0.10
50	0.10
50	0.10
50	0.10
50	0.10
50	0.10
50	0.10
50	0.10
50	0.10
50	0.10
50	0.11
50	0.10
50	0.10
50	0.10
50	0.10
50	0.10
50	0.10
50	0.10
50	0.10
50	0.11
50	0.10
50	0.10
50	0.10
50	0.10
50	0.10
50	0.10
50	0.10
50	0.10
50	0.10
50	0.10
50	0.10
50	0.10
50	0.10
50	0.10
50	0.10
50	0.11
50	0.11
50	0.11
50	0.10
50	0.10
50	0.10
50	0.10
50	0.10
50	0.10
50	0.10
50	0.10
50	0.10
50	0.10
50	0.10
50	0.10
50	0.10
50	0.10
50	0.10
50	0.10
50	0.10
50	0.10
50	0.10
50	0.10
50	0.10
50	0.10
50	0.11
50	0.10
50	0.10
50	0.10
50	0.10
50	0.10
50	0.10
50	0.10
50	0.10
50	0.10
50	0.10
50	0.11
50	0.10
50	0.10
50	0.10
50	0.10
50	0.10
50	0.10
50	0.11
50	0.11
51	0.10
51	0.10
51	0.10
51	0.10
51	0.10
51	0.10
51	0.10
51	0.10
51	0.10
51	0.10
51	0.10
51	0.10
51	0.10
51	0.10
51	0.10
51	0.10
51	0.11
51	0.10
51	0.10
51	0.10
51	0.10
51	0.10
51	0.10
51	0.10
51	0.10
51	0.10
51	0.10
51	0.10
51	0.10
51	0.10
51	0.10
51	0.10
51	0.10
51	0.10
51	0.10
51	0.10
51	0.10
51	0.10
51	0.10
51	0.10
51	0.10
51	0.10
51	0.10
51	0.10
51	0.10
51	0.10
51	0.10
51	0.10
51	0.10
51	0.10
51	0.10
51	0.10
51	0.10
51	0.10
51	0.10
51	0.10
51	0.10
51	0.10
51	0.10
51	0.10
51	0.10
51	0.11
51	0.11
51	0.10
51	0.10
51	0.10
51	0.10
51	0.10
51	0.10
51	0.10
51	0.10
51	0.10
51	0.10
51	0.10
51	0.10
51	0.10
51	0.10
51	0.10
51	0.10
51	0.10
51	0.10
51	0.10
51	0.10
51	0.10
51	0.10
51	0.10
51	0.10
51	0.10
51	0.11
51	0.10
51	0.10
51	0.10
51	0.10
51	0.10
51	0.10
51	0.10
51	0.10
51	0.10
51	0.10
51	0.10
52	0.10
52	0.10
52	0.10
52	0.10
52	0.10
52	0.10
52	0.10
52	0.10
52	0.10
52	0.10
52	0.10
52	0.10
52	0.10
52	0.10
52	0.10
52	0.11
52	0.10
52	0.10
52	0.10
52	0.10
52	0.10
52	0.10
52	0.11
52	0.10
52	0.10
52	0.10
52	0.10
52	0.10
52	0.10
52	0.10
52	0.10
52	0.10
52	0.11
52	0.11
52	0.10
52	0.10
52	0.10
52	0.10
52	0.10
52	0.10
52	0.10
52	0.11
52	0.10
52	0.10
52	0.11
52	0.10
52	0.10
52	0.10
52	0.10
52	0.10
52	0.10
52	0.10
52	0.10
52	0.10
52	0.10
52	0.10
52	0.10
52	0.10
52	0.10
52	0.10
52	0.10
52	0.10
52	0.10
52	0.10
52	0.10
52	0.10
52	0.10
52	0.10
52	0.11
52	0.10
52	0.10
52	0.10
52	0.10
52	0.10
52	0.10
52	0.10
52	0.10
52	0.10
52	0.10
52	0.10
52	0.10
52	0.10
52	0.10
52	0.10
52	0.10
52	0.10
52	0.10
52	0.10
52	0.10
52	0.10
52	0.10
52	0.10
52	0.10
52	0.10
52	0.11
52	0.10
52	0.10
52	0.10
52	0.10
52	0.10
53	0.10
53	0.10
53	0.10
53	0.10
53	0.10
53	0.10
53	0.10
53	0.10
53	0.10
53	0.10
53	0.10
53	0.10
53	0.10
53	0.10
53	0.10
53	0.10
53	0.10
53	0.10
53	0.10
53	0.10
53	0.11
53	0.10
53	0.10
53	0.10
53	0.10
53	0.11
53	0.10
53	0.10
53	0.10
53	0.10
53	0.10
53	0.10
53	0.10
53	0.10
53	0.10
53	0.10
53	0.10
53	0.10
53	0.10
53	0.10
53	0.10
53	0.11
53	0.10
53	0.10
53	0.10
53	0.10
53	0.11
53	0.11
53	0.10
53	0.10
53	0.10
53	0.10
53	0.10
53	0.10
53	0.10
53	0.10
53	0.10
53	0.10
53	0.10
53	0.10
53	0.10
53	0.10
53	0.10
53	0.10
53	0.10
53	0.10
53	0.10
53	0.10
53	0.10
53	0.10
53	0.10
53	0.10
53	0.10
53	0.11
53	0.10
53	0.10
53	0.10
53	0.10
53	0.10
53	0.10
53	0.10
53	0.10
53	0.10
53	0.10
53	0.10
53	0.10
53	0.10
53	0.10
53	0.10
53	0.10
53	0.10
53	0.10
53	0.10
53	0.10
53	0.10
53	0.10
53	0.10
53	0.10
53	0.10
53	0.10
54	0.11
54	0.10
54	0.10
54	0.10
54	0.10
54	0.10
54	0.10
54	0.11
54	0.11
54	0.10
54	0.10
54	0.10
54	0.10
54	0.10
54	0.10
54	0.10
54	0.10
54	0.10
54	0.10
54	0.10
54	0.10
54	0.10
54	0.10
54	0.10
54	0.10
54	0.10
54	0.11
54	0.10
54	0.10
54	0.10
54	0.10
54	0.10
54	0.10
54	0.10
54	0.10
54	0.10
54	0.10
54	0.10
54	0.10
54	0.10
54	0.10
54	0.10
54	0.10
54	0.10
54	0.10
54	0.10
54	0.10
54	0.10
54	0.10
54	0.10
54	0.10
54	0.11
54	0.11
54	0.11
54	0.10
54	0.10
54	0.10
54	0.10
54	0.10
54	0.10
54	0.10
54	0.10
54	0.10
54	0.10
54	0.10
54	0.10
54	0.10
54	0.10
54	0.10
54	0.10
54	0.11
54	0.11
54	0.11
54	0.11
54	0.11
54	0.11
54	0.11
54	0.11
54	0.11
54	0.11
54	0.11
54	0.11
54	0.11
54	0.11
54	0.11
54	0.11
54	0.11
54	0.10
54	0.10
54	0.10
54	0.11
54	0.11
54	0.11
54	0.11
54	0.11
54	0.10
54	0.11
54	0.10
54	0.11
54	0.11
55	0.11
55	0.11
55	0.11
55	0.11
55	0.11
55	0.11
55	0.11
55	0.11
55	0.11
55	0.11
55	0.11
55	0.11
55	0.11
55	0.11
55	0.11
55	0.11
55	0.11
55	0.11
55	0.11
55	0.11
55	0.11
55	0.11
55	0.11
55	0.11
55	0.11
55	0.11
55	0.11
55	0.11
55	0.11
55	0.11
55	0.11
55	0.11
55	0.11
55	0.11
55	0.11
55	0.11
55	0.11
55	0.11
55	0.11
55	0.11
55	0.11
55	0.11
55	0.11
55	0.11
55	0.11
55	0.11
55	0.11
55	0.11
55	0.11
55	0.11
55	0.11
55	0.11
55	0.11
55	0.11
55	0.11
55	0.11
55	0.11
55	0.11
55	0.11
55	0.11
55	0.11
55	0.11
55	0.11
55	0.10
55	0.11
55	0.11
55	0.11
55	0.11
55	0.11
55	0.11
55	0.11
55	0.11
55	0.11
55	0.11
55	0.11
55	0.11
55	0.11
55	0.11
55	0.11
55	0.11
55	0.11
55	0.11
55	0.11
55	0.11
55	0.11
55	0.11
55	0.11
55	0.11
55	0.11
55	0.11
55	0.11
55	0.11
55	0.11
55	0.11
55	0.11
55	0.11
55	0.11
55	0.11
55	0.11
55	0.11
56	0.11
56	0.11
56	0.11
56	0.11
56	0.12
56	0.11
56	0.11
56	0.11
56	0.11
56	0.11
56	0.11
56	0.11
56	0.11
56	0.11
56	0.11
56	0.11
56	0.11
56	0.11
56	0.11
56	0.11
56	0.11
56	0.11
56	0.11
56	0.11
56	0.11
56	0.11
56	0.11
56	0.11
56	0.11
56	0.11
56	0.11
56	0.11
56	0.11
56	0.11
56	0.11
56	0.11
56	0.11
56	0.11
56	0.11
56	0.11
56	0.11
56	0.11
56	0.11
56	0.11
56	0.11
56	0.11
56	0.11
56	0.11
56	0.11
56	0.11
56	0.11
56	0.11
56	0.11
56	0.11
56	0.11
56	0.11
56	0.11
56	0.11
56	0.11
56	0.11
56	0.11
56	0.11
56	0.11
56	0.11
56	0.11
56	0.11
56	0.11
56	0.11
56	0.11
56	0.11
56	0.11
56	0.11
56	0.11
56	0.11
56	0.11
56	0.11
56	0.11
56	0.11
56	0.11
56	0.11
56	0.11
56	0.11
56	0.11
56	0.11
56	0.11
56	0.11
56	0.11
56	0.11
56	0.11
56	0.11
56	0.11
56	0.11
56	0.11
56	0.11
56	0.11
56	0.11
56	0.11
56	0.11
56	0.11
56	0.11
57	0.11
57	0.11
57	0.11
57	0.11
57	0.11
57	0.11
57	0.11
57	0.11
57	0.11
57	0.11
57	0.11
57	0.11
57	0.11
57	0.11
57	0.11
57	0.11
57	0.11
57	0.11
57	0.11
57	0.11
57	0.11
57	0.11
57	0.11
57	0.11
57	0.11
57	0.11
57	0.11
57	0.11
57	0.11
57	0.11
57	0.11
57	0.11
57	0.11
57	0.11
57	0.11
57	0.11
57	0.11
57	0.11
57	0.11
57	0.11
57	0.11
57	0.11
57	0.11
57	0.11
57	0.11
57	0.11
57	0.11
57	0.11
57	0.11
57	0.11
57	0.11
57	0.11
57	0.11
57	0.11
57	0.11
57	0.11
57	0.11
57	0.11
57	0.11
57	0.11
57	0.11
57	0.11
57	0.11
57	0.11
57	0.11
57	0.11
57	0.11
57	0.11
57	0.11
57	0.11
57	0.11
57	0.11
57	0.11
57	0.11
57	0.11
57	0.11
57	0.11
57	0.11
57	0.11
57	0.11
57	0.11
57	0.11
57	0.11
57	0.11
57	0.11
57	0.11
57	0.11
57	0.11
57	0.11
57	0.11
57	0.11
57	0.11
57	0.11
57	0.11
57	0.11
57	0.11
57	0.11
57	0.11
57	0.11
57	0.11
58	0.11
58	0.11
58	0.11
58	0.11
58	0.11
58	0.11
58	0.11
58	0.11
58	0.11
58	0.11
58	0.12
58	0.11
58	0.11
58	0.11
58	0.11
58	0.11
58	0.11
58	0.11
58	0.11
58	0.11
58	0.11
58	0.11
58	0.11
58	0.11
58	0.11
58	0.11
58	0.11
58	0.11
58	0.11
58	0.11
58	0.11
58	0.11
58	0.12
58	0.11
58	0.11
58	0.11
58	0.11
58	0.11
58	0.11
58	0.11
58	0.11
58	0.11
58	0.11
58	0.11
58	0.11
58	0.11
58	0.11
58	0.11
58	0.11
58	0.11
58	0.11
58	0.11
58	0.11
58	0.11
58	0.11
58	0.11
58	0.11
58	0.11
58	0.11
58	0.11
58	0.11
58	0.11
58	0.11
58	0.11
58	0.11
58	0.11
58	0.11
58	0.11
58	0.11
58	0.11
58	0.11
58	0.11
58	0.11
58	0.11
58	0.11
58	0.11
58	0.11
58	0.11
58	0.11
58	0.11
58	0.11
58	0.11
58	0.11
58	0.11
58	0.11
58	0.11
58	0.11
58	0.11
58	0.11
58	0.11
58	0.11
58	0.11
58	0.11
58	0.11
58	0.11
58	0.11
58	0.11
58	0.11
58	0.11
58	0.11
59	0.11
59	0.11
59	0.11
59	0.11
59	0.11
59	0.12
59	0.11
59	0.11
59	0.11
59	0.11
59	0.11
59	0.11
59	0.12
59	0.11
59	0.12
59	0.12
59	0.12
59	0.11
59	0.11
59	0.12
59	0.12
59	0.12
59	0.12
59	0.12
59	0.12
59	0.11
59	0.11
59	0.11
59	0.11
59	0.12
59	0.11
59	0.11
59	0.11
59	0.11
59	0.11
59	0.11
59	0.11
59	0.11
59	0.11
59	0.11
59	0.12
59	0.12
59	0.12
59	0.12
59	0.11
59	0.11
59	0.12
59	0.11
59	0.11
59	0.11
59	0.12
59	0.11
59	0.11
59	0.11
59	0.11
59	0.11
59	0.11
59	0.11
59	0.11
59	0.11
59	0.11
59	0.11
59	0.13
59	0.11
59	0.11
59	0.11
59	0.11
59	0.11
59	0.11
59	0.11
59	0.11
59	0.11
59	0.11
59	0.12
59	0.11
59	0.11
59	0.11
59	0.11
59	0.11
59	0.11
59	0.11
59	0.11
59	0.12
59	0.12
59	0.11
59	0.11
59	0.11
59	0.11
59	0.12
59	0.12
59	0.11
59	0.11
59	0.11
59	0.12
59	0.12
59	0.12
59	0.12
59	0.12
59	0.11
59	0.12
60	0.11
60	0.12
60	0.12
60	0.11
60	0.11
60	0.11
60	0.11
60	0.11
60	0.11
60	0.11
60	0.12
60	0.11
60	0.11
60	0.11
60	0.11
60	0.11
60	0.12
60	0.12
60	0.11
60	0.12
60	0.11
60	0.11
60	0.11
60	0.11
60	0.11
60	0.12
60	0.12
60	0.12
60	0.11
60	0.12
60	0.12
60	0.12
60	0.12
60	0.12
60	0.11
60	0.12
60	0.12
60	0.11
60	0.11
60	0.11
60	0.11
60	0.11
60	0.11
60	0.12
60	0.11
60	0.11
60	0.11
60	0.11
60	0.12
60	0.12
60	0.12
60	0.11
60	0.12
60	0.11
60	0.11
60	0.12
60	0.11
60	0.11
60	0.11
60	0.11
60	0.11
60	0.11
60	0.11
60	0.11
60	0.11
60	0.11
60	0.11
60	0.11
60	0.11
60	0.11
60	0.11
60	0.11
60	0.11
60	0.11
60	0.12
60	0.11
60	0.11
60	0.12
60	0.12
60	0.11
60	0.11
60	0.11
60	0.12
60	0.11
60	0.11
60	0.11
60	0.12
60	0.12
60	0.11
60	0.12
60	0.11
60	0.11
60	0.11
60	0.11
60	0.11
60	0.11
60	0.13
60	0.12
60	0.12
60	0.12
61	0.12
61	0.12
61	0.12
61	0.12
61	0.12
61	0.12
61	0.12
61	0.12
61	0.12
61	0.12
61	0.12
61	0.12
61	0.12
61	0.12
61	0.12
61	0.11
61	0.11
61	0.12
61	0.12
61	0.11
61	0.12
61	0.12
61	0.11
61	0.11
61	0.11
61	0.11
61	0.12
61	0.12
61	0.12
61	0.11
61	0.11
61	0.12
61	0.12
61	0.11
61	0.11
61	0.11
61	0.11
61	0.11
61	0.11
61	0.11
61	0.12
61	0.11
61	0.11
61	0.11
61	0.11
61	0.12
61	0.11
61	0.11
61	0.11
61	0.12
61	0.11
61	0.11
61	0.11
61	0.11
61	0.12
61	0.12
61	0.12
61	0.12
61	0.12
61	0.12
61	0.12
61	0.12
61	0.12
61	0.11
61	0.12
61	0.12
61	0.12
61	0.12
61	0.12
61	0.12
61	0.12
61	0.12
61	0.12
61	0.12
61	0.12
61	0.12
61	0.12
61	0.12
61	0.12
61	0.12
61	0.12
61	0.12
61	0.12
61	0.12
61	0.12
61	0.12
61	0.12
61	0.12
61	0.12
61	0.12
61	0.12
61	0.12
61	0.12
61	0.12
61	0.12
61	0.12
61	0.12
61	0.12
61	0.12
61	0.12
62	0.12
62	0.12
62	0.12
62	0.12
62	0.12
62	0.12
62	0.12
62	0.12
62	0.12
62	0.12
62	0.12
62	0.12
62	0.12
62	0.12
62	0.12
62	0.12
62	0.12
62	0.12
62	0.12
62	0.12
62	0.12
62	0.12
62	0.12
62	0.12
62	0.12
62	0.12
62	0.12
62	0.12
62	0.12
62	0.12
62	0.12
62	0.12
62	0.12
62	0.12
62	0.12
62	0.12
62	0.12
62	0.12
62	0.12
62	0.12
62	0.12
62	0.12
62	0.12
62	0.12
62	0.12
62	0.12
62	0.12
62	0.12
62	0.12
62	0.12
62	0.12
62	0.12
62	0.12
62	0.12
62	0.12
62	0.12
62	0.12
62	0.12
62	0.12
62	0.12
62	0.12
62	0.12
62	0.12
62	0.12
62	0.12
62	0.12
62	0.12
62	0.12
62	0.12
62	0.12
62	0.12
62	0.12
62	0.12
62	0.12
62	0.12
62	0.12
62	0.12
62	0.12
62	0.12
62	0.12
62	0.12
62	0.12
62	0.12
62	0.12
62	0.12
62	0.12
62	0.12
62	0.12
62	0.12
62	0.12
62	0.12
62	0.12
62	0.12
62	0.12
62	0.12
62	0.12
62	0.12
62	0.12
62	0.12
62	0.12
63	0.12
63	0.12
63	0.12
63	0.12
63	0.12
63	0.12
63	0.12
63	0.12
63	0.12
63	0.12
63	0.12
63	0.12
63	0.12
63	0.12
63	0.12
63	0.12
63	0.12
63	0.13
63	0.12
63	0.12
63	0.12
63	0.12
63	0.12
63	0.12
63	0.12
63	0.12
63	0.12
63	0.12
63	0.12
63	0.13
63	0.12
63	0.12
63	0.12
63	0.12
63	0.12
63	0.12
63	0.12
63	0.12
63	0.12
63	0.12
63	0.12
63	0.12
63	0.12
63	0.13
63	0.12
63	0.12
63	0.12
63	0.12
63	0.12
63	0.13
63	0.12
63	0.12
63	0.12
63	0.12
63	0.12
63	0.12
63	0.12
63	0.12
63	0.12
63	0.12
63	0.12
63	0.12
63	0.12
63	0.12
63	0.12
63	0.12
63	0.12
63	0.12
63	0.12
63	0.12
63	0.12
63	0.12
63	0.12
63	0.12
63	0.12
63	0.13
63	0.12
63	0.12
63	0.12
63	0.12
63	0.12
63	0.12
63	0.12
63	0.12
63	0.12
63	0.12
63	0.12
63	0.12
63	0.12
63	0.12
63	0.12
63	0.12
63	0.12
63	0.12
63	0.12
63	0.12
63	0.12
63	0.12
63	0.12
63	0.12
64	0.12
64	0.12
64	0.12
64	0.12
64	0.12
64	0.13
64	0.12
64	0.13
64	0.12
64	0.13
64	0.13
64	0.13
64	0.12
64	0.12
64	0.13
64	0.12
64	0.12
64	0.13
64	0.13
64	0.13
64	0.12
64	0.13
64	0.13
64	0.13
64	0.13
64	0.13
64	0.12
64	0.13
64	0.13
64	0.12
64	0.13
64	0.12
64	0.12
64	0.12
64	0.12
64	0.13
64	0.12
64	0.12
64	0.12
64	0.13
64	0.13
64	0.12
64	0.12
64	0.12
64	0.13
64	0.13
64	0.13
64	0.12
64	0.13
64	0.13
64	0.12
64	0.12
64	0.12
64	0.12
64	0.13
64	0.13
64	0.13
64	0.13
64	0.13
64	0.13
64	0.12
64	0.13
64	0.13
64	0.13
64	0.13
64	0.13
64	0.12
64	0.13
64	0.12
64	0.13
64	0.13
64	0.13
64	0.12
64	0.13
64	0.13
64	0.12
64	0.12
64	0.12
64	0.13
64	0.13
64	0.13
64	0.13
64	0.12
64	0.13
64	0.13
64	0.13
64	0.13
64	0.13
64	0.13
64	0.12
64	0.12
64	0.12
64	0.13
64	0.12
64	0.13
64	0.13
64	0.12
64	0.13
64	0.12
64	0.12
65	0.13
65	0.13
65	0.13
65	0.13
65	0.13
65	0.13
65	0.13
65	0.13
65	0.13
65	0.13
65	0.13
65	0.13
65	0.13
65	0.13
65	0.13
65	0.13
65	0.13
65	0.13
65	0.13
65	0.13
65	0.13
65	0.13
65	0.13
65	0.13
65	0.13
65	0.13
65	0.13
65	0.13
65	0.13
65	0.13
65	0.13
65	0.13
65	0.13
65	0.13
65	0.13
65	0.13
65	0.13
65	0.13
65	0.13
65	0.13
65	0.13
65	0.13
65	0.13
65	0.13
65	0.13
65	0.13
65	0.13
65	0.13
65	0.13
65	0.13
65	0.14
65	0.13
65	0.13
65	0.13
65	0.13
65	0.13
65	0.13
65	0.13
65	0.13
65	0.13
65	0.13
65	0.13
65	0.13
65	0.13
65	0.13
65	0.13
65	0.13
65	0.13
65	0.13
65	0.13
65	0.13
65	0.13
65	0.13
65	0.13
65	0.13
65	0.13
65	0.13
65	0.13
65	0.13
65	0.13
65	0.13
65	0.13
65	0.13
65	0.13
65	0.13
65	0.13
65	0.13
65	0.13
65	0.13
65	0.13
65	0.13
65	0.13
65	0.13
65	0.13
65	0.13
65	0.13
65	0.13
65	0.13
65	0.13
65	0.13
66	0.13
66	0.13
66	0.13
66	0.13
66	0.13
66	0.13
66	0.13
66	0.13
66	0.13
66	0.13
66	0.13
66	0.13
66	0.13
66	0.13
66	0.13
66	0.13
66	0.13
66	0.13
66	0.13
66	0.13
66	0.13
66	0.13
66	0.13
66	0.13
66	0.14
66	0.13
66	0.13
66	0.13
66	0.14
66	0.13
66	0.14
66	0.13
66	0.13
66	0.13
66	0.13
66	0.13
66	0.13
66	0.13
66	0.13
66	0.13
66	0.13
66	0.13
66	0.13
66	0.13
66	0.13
66	0.13
66	0.13
66	0.13
66	0.13
66	0.13
66	0.13
66	0.13
66	0.13
66	0.13
66	0.14
66	0.13
66	0.13
66	0.13
66	0.13
66	0.13
66	0.13
66	0.13
66	0.13
66	0.13
66	0.13
66	0.13
66	0.13
66	0.13
66	0.13
66	0.13
66	0.13
66	0.13
66	0.13
66	0.13
66	0.13
66	0.13
66	0.13
66	0.13
66	0.13
66	0.13
66	0.13
66	0.13
66	0.13
66	0.14
66	0.13
66	0.13
66	0.13
66	0.13
66	0.13
66	0.13
66	0.13
66	0.13
66	0.13
66	0.13
66	0.13
66	0.13
66	0.13
66	0.13
66	0.13
66	0.13
67	0.14
67	0.14
67	0.13
67	0.14
67	0.13
67	0.15
67	0.13
67	0.13
67	0.13
67	0.14
67	0.14
67	0.13
67	0.13
67	0.14
67	0.13
67	0.14
67	0.13
67	0.14
67	0.14
67	0.13
67	0.14
67	0.13
67	0.14
67	0.14
67	0.13
67	0.13
67	0.13
67	0.13
67	0.14
67	0.14
67	0.13
67	0.13
67	0.14
67	0.14
67	0.13
67	0.13
67	0.14
67	0.14
67	0.14
67	0.14
67	0.14
67	0.13
67	0.14
67	0.14
67	0.14
67	0.14
67	0.14
67	0.13
67	0.13
67	0.14
67	0.13
67	0.14
67	0.14
67	0.14
67	0.14
67	0.14
67	0.13
67	0.14
67	0.14
67	0.14
67	0.13
67	0.15
67	0.14
67	0.14
67	0.13
67	0.14
67	0.14
67	0.14
67	0.14
67	0.14
67	0.14
67	0.14
67	0.14
67	0.14
67	0.14
67	0.14
67	0.14
67	0.14
67	0.14
67	0.14
67	0.14
67	0.14
67	0.14
67	0.14
67	0.14
67	0.14
67	0.14
67	0.14
67	0.14
67	0.14
67	0.14
67	0.13
67	0.13
67	0.13
67	0.13
67	0.13
67	0.13
67	0.14
67	0.14
67	0.14
68	0.14
68	0.14
68	0.14
68	0.14
68	0.14
68	0.14
68	0.14
68	0.14
68	0.14
68	0.14
68	0.14
68	0.14
68	0.14
68	0.14
68	0.14
68	0.14
68	0.14
68	0.14
68	0.14
68	0.14
68	0.14
68	0.14
68	0.14
68	0.14
68	0.14
68	0.14
68	0.14
68	0.14
68	0.14
68	0.14
68	0.14
68	0.14
68	0.14
68	0.14
68	0.14
68	0.14
68	0.14
68	0.14
68	0.14
68	0.14
68	0.14
68	0.14
68	0.14
68	0.14
68	0.14
68	0.14
68	0.14
68	0.14
68	0.14
68	0.14
68	0.14
68	0.14
68	0.14
68	0.14
68	0.14
68	0.14
68	0.14
68	0.14
68	0.14
68	0.14
68	0.14
68	0.14
68	0.14
68	0.14
68	0.14
68	0.14
68	0.14
68	0.14
68	0.14
68	0.14
68	0.14
68	0.14
68	0.14
68	0.14
68	0.14
68	0.14
68	0.14
68	0.14
68	0.14
68	0.14
68	0.14
68	0.14
68	0.14
68	0.14
68	0.14
68	0.14
68	0.14
68	0.15
68	0.14
68	0.14
68	0.14
68	0.14
68	0.14
68	0.14
68	0.14
68	0.14
68	0.14
68	0.14
68	0.14
68	0.14
69	0.15
69	0.15
69	0.14
69	0.15
69	0.14
69	0.14
69	0.14
69	0.14
69	0.14
69	0.15
69	0.15
69	0.15
69	0.15
69	0.15
69	0.15
69	0.15
69	0.15
69	0.15
69	0.15
69	0.14
69	0.15
69	0.15
69	0.15
69	0.14
69	0.15
69	0.15
69	0.15
69	0.14
69	0.15
69	0.15
69	0.15
69	0.15
69	0.15
69	0.14
69	0.15
69	0.14
69	0.14
69	0.14
69	0.14
69	0.15
69	0.15
69	0.15
69	0.15
69	0.15
69	0.15
69	0.14
69	0.14
69	0.15
69	0.14
69	0.14
69	0.14
69	0.14
69	0.14
69	0.14
69	0.14
69	0.14
69	0.14
69	0.14
69	0.15
69	0.14
69	0.15
69	0.14
69	0.14
69	0.14
69	0.14
69	0.14
69	0.15
69	0.14
69	0.14
69	0.14
69	0.14
69	0.14
69	0.14
69	0.15
69	0.15
69	0.15
69	0.15
69	0.15
69	0.15
69	0.15
69	0.14
69	0.14
69	0.15
69	0.14
69	0.14
69	0.14
69	0.14
69	0.14
69	0.14
69	0.14
69	0.15
69	0.14
69	0.14
69	0.14
69	0.15
69	0.15
69	0.15
69	0.14
69	0.15
69	0.14
70	0.15
70	0.15
70	0.15
70	0.15
70	0.15
70	0.15
70	0.15
70	0.15
70	0.15
70	0.15
70	0.15
70	0.15
70	0.15
70	0.15
70	0.15
70	0.15
70	0.15
70	0.16
70	0.15
70	0.15
70	0.15
70	0.15
70	0.15
70	0.15
70	0.15
70	0.15
70	0.15
70	0.15
70	0.15
70	0.15
70	0.15
70	0.15
70	0.15
70	0.15
70	0.15
70	0.15
70	0.15
70	0.15
70	0.15
70	0.15
70	0.15
70	0.15
70	0.15
70	0.15
70	0.15
70	0.15
70	0.15
70	0.15
70	0.15
70	0.15
70	0.15
70	0.15
70	0.15
70	0.15
70	0.15
70	0.15
70	0.15
70	0.15
70	0.15
70	0.15
70	0.15
70	0.15
70	0.15
70	0.15
70	0.15
70	0.15
70	0.15
70	0.15
70	0.15
70	0.15
70	0.15
70	0.15
70	0.15
70	0.15
70	0.15
70	0.15
70	0.15
70	0.15
70	0.15
70	0.15
70	0.15
70	0.15
70	0.15
70	0.15
70	0.15
70	0.15
70	0.15
70	0.15
70	0.15
70	0.15
70	0.15
70	0.15
70	0.15
70	0.15
70	0.15
70	0.15
70	0.15
70	0.15
70	0.15
70	0.15
71	0.16
71	0.16
71	0.15
71	0.16
71	0.15
71	0.16
71	0.16
71	0.16
71	0.16
71	0.16
71	0.16
71	0.16
71	0.16
71	0.16
71	0.16
71	0.16
71	0.16
71	0.16
71	0.16
71	0.16
71	0.16
71	0.16
71	0.16
71	0.16
71	0.16
71	0.16
71	0.16
71	0.16
71	0.16
71	0.16
71	0.15
71	0.16
71	0.16
71	0.16
71	0.16
71	0.16
71	0.16
71	0.16
71	0.16
71	0.16
71	0.16
71	0.16
71	0.16
71	0.16
71	0.16
71	0.16
71	0.16
71	0.16
71	0.16
71	0.16
71	0.16
71	0.15
71	0.15
71	0.16
71	0.16
71	0.15
71	0.16
71	0.15
71	0.16
71	0.16
71	0.16
71	0.15
71	0.15
71	0.16
71	0.16
71	0.15
71	0.16
71	0.16
71	0.15
71	0.16
71	0.16
71	0.16
71	0.16
71	0.16
71	0.16
71	0.16
71	0.16
71	0.16
71	0.16
71	0.16
71	0.16
71	0.16
71	0.16
71	0.16
71	0.16
71	0.16
71	0.16
71	0.16
71	0.16
71	0.16
71	0.16
71	0.16
71	0.16
71	0.16
71	0.16
71	0.16
71	0.16
71	0.16
71	0.16
71	0.16
72	0.16
72	0.17
72	0.16
72	0.17
72	0.16
72	0.17
72	0.16
72	0.17
72	0.16
72	0.16
72	0.16
72	0.16
72	0.16
72	0.16
72	0.16
72	0.17
72	0.16
72	0.17
72	0.16
72	0.17
72	0.16
72	0.16
72	0.16
72	0.16
72	0.17
72	0.16
72	0.16
72	0.16
72	0.17
72	0.16
72	0.17
72	0.16
72	0.17
72	0.17
72	0.16
72	0.17
72	0.16
72	0.17
72	0.17
72	0.17
72	0.17
72	0.17
72	0.17
72	0.16
72	0.16
72	0.16
72	0.16
72	0.16
72	0.17
72	0.16
72	0.16
72	0.16
72	0.16
72	0.16
72	0.16
72	0.16
72	0.17
72	0.16
72	0.16
72	0.16
72	0.16
72	0.16
72	0.16
72	0.16
72	0.17
72	0.17
72	0.17
72	0.18
72	0.18
72	0.17
72	0.17
72	0.16
72	0.16
72	0.17
72	0.16
72	0.17
72	0.17
72	0.17
72	0.17
72	0.16
72	0.17
72	0.17
72	0.17
72	0.17
72	0.16
72	0.17
72	0.16
72	0.17
72	0.16
72	0.17
72	0.16
72	0.16
72	0.17
72	0.18
72	0.17
72	0.17
72	0.17
72	0.16
72	0.16
72	0.16
73	0.17
73	0.18
73	0.17
73	0.17
73	0.17
73	0.17
73	0.17
73	0.17
73	0.17
73	0.17
73	0.17
73	0.17
73	0.18
73	0.18
73	0.17
73	0.17
73	0.18
73	0.18
73	0.17
73	0.17
73	0.18
73	0.17
73	0.17
73	0.17
73	0.17
73	0.17
73	0.17
73	0.17
73	0.17
73	0.18
73	0.18
73	0.17
73	0.17
73	0.17
73	0.18
73	0.17
73	0.17
73	0.17
73	0.17
73	0.17
73	0.17
73	0.17
73	0.18
73	0.17
73	0.17
73	0.17
73	0.17
73	0.17
73	0.17
73	0.18
73	0.18
73	0.17
73	0.17
73	0.17
73	0.17
73	0.17
73	0.17
73	0.17
73	0.19
73	0.18
73	0.17
73	0.17
73	0.17
73	0.18
73	0.18
73	0.17
73	0.18
73	0.18
73	0.17
73	0.17
73	0.17
73	0.18
73	0.17
73	0.17
73	0.17
73	0.17
73	0.18
73	0.17
73	0.17
73	0.17
73	0.17
73	0.17
73	0.17
73	0.18
73	0.17
73	0.17
73	0.17
73	0.18
73	0.19
73	0.18
73	0.18
73	0.17
73	0.17
73	0.17
73	0.17
73	0.17
73	0.18
73	0.18
73	0.18
73	0.17
74	0.18
74	0.18
74	0.18
74	0.18
74	0.19
74	0.19
74	0.19
74	0.19
74	0.18
74	0.18
74	0.18
74	0.19
74	0.18
74	0.18
74	0.18
74	0.18
74	0.18
74	0.19
74	0.19
74	0.18
74	0.18
74	0.19
74	0.19
74	0.18
74	0.18
74	0.19
74	0.18
74	0.18
74	0.18
74	0.18
74	0.18
74	0.18
74	0.18
74	0.18
74	0.18
74	0.19
74	0.18
74	0.18
74	0.18
74	0.18
74	0.18
74	0.18
74	0.18
74	0.18
74	0.18
74	0.18
74	0.19
74	0.18
74	0.18
74	0.19
74	0.18
74	0.18
74	0.18
74	0.18
74	0.18
74	0.18
74	0.18
74	0.18
74	0.18
74	0.18
74	0.18
74	0.18
74	0.18
74	0.18
74	0.18
74	0.18
74	0.18
74	0.18
74	0.18
74	0.19
74	0.18
74	0.19
74	0.18
74	0.18
74	0.18
74	0.18
74	0.18
74	0.18
74	0.18
74	0.18
74	0.18
74	0.18
74	0.18
74	0.18
74	0.18
74	0.19
74	0.18
74	0.18
74	0.18
74	0.18
74	0.18
74	0.18
74	0.18
74	0.18
74	0.19
74	0.18
74	0.18
74	0.18
74	0.19
74	0.18
75	0.19
75	0.19
75	0.19
75	0.19
75	0.19
75	0.19
75	0.19
75	0.19
75	0.19
75	0.19
75	0.19
75	0.19
75	0.19
75	0.19
75	0.19
75	0.19
75	0.19
75	0.19
75	0.19
75	0.20
75	0.19
75	0.19
75	0.19
75	0.19
75	0.19
75	0.19
75	0.19
75	0.19
75	0.19
75	0.19
75	0.19
75	0.19
75	0.19
75	0.19
75	0.19
75	0.19
75	0.19
75	0.19
75	0.19
75	0.19
75	0.19
75	0.19
75	0.19
75	0.19
75	0.19
75	0.19
75	0.20
75	0.19
75	0.20
75	0.19
75	0.20
75	0.19
75	0.19
75	0.19
75	0.19
75	0.20
75	0.20
75	0.19
75	0.19
75	0.19
75	0.19
75	0.19
75	0.19
75	0.19
75	0.19
75	0.19
75	0.19
75	0.19
75	0.19
75	0.22
75	0.20
75	0.19
75	0.19
75	0.19
75	0.19
75	0.19
75	0.19
75	0.19
75	0.19
75	0.19
75	0.19
75	0.19
75	0.19
75	0.19
75	0.20
75	0.19
75	0.19
75	0.19
75	0.19
75	0.19
75	0.19
75	0.19
75	0.19
75	0.20
75	0.20
75	0.19
75	0.20
75	0.20
75	0.21
75	0.21
76	0.21
76	0.20
76	0.20
76	0.20
76	0.20
76	0.20
76	0.20
76	0.20
76	0.20
76	0.20
76	0.20
76	0.21
76	0.20
76	0.20
76	0.20
76	0.20
76	0.20
76	0.20
76	0.20
76	0.20
76	0.20
76	0.20
76	0.20
76	0.20
76	0.20
76	0.21
76	0.20
76	0.20
76	0.19
76	0.20
76	0.20
76	0.20
76	0.20
76	0.20
76	0.20
76	0.20
76	0.20
76	0.20
76	0.20
76	0.20
76	0.22
76	0.21
76	0.20
76	0.20
76	0.20
76	0.21
76	0.21
76	0.20
76	0.20
76	0.20
76	0.20
76	0.20
76	0.20
76	0.20
76	0.20
76	0.20
76	0.20
76	0.20
76	0.20
76	0.20
76	0.20
76	0.20
76	0.20
76	0.20
76	0.21
76	0.20
76	0.20
76	0.20
76	0.20
76	0.20
76	0.20
76	0.20
76	0.20
76	0.20
76	0.20
76	0.20
76	0.19
76	0.20
76	0.20
76	0.20
76	0.20
76	0.20
76	0.20
76	0.20
76	0.20
76	0.19
76	0.20
76	0.20
76	0.20
76	0.20
76	0.20
76	0.20
76	0.20
76	0.20
76	0.20
76	0.20
76	0.20
76	0.20
76	0.20
76	0.20
77	0.21
77	0.21
77	0.21
77	0.21
77	0.21
77	0.21
77	0.20
77	0.21
77	0.21
77	0.21
77	0.21
77	0.21
77	0.21
77	0.21
77	0.21
77	0.21
77	0.21
77	0.21
77	0.21
77	0.21
77	0.21
77	0.21
77	0.21
77	0.21
77	0.21
77	0.22
77	0.21
77	0.21
77	0.21
77	0.21
77	0.21
77	0.21
77	0.21
77	0.21
77	0.21
77	0.22
77	0.21
77	0.21
77	0.21
77	0.22
77	0.21
77	0.21
77	0.21
77	0.21
77	0.21
77	0.21
77	0.21
77	0.21
77	0.21
77	0.21
77	0.21
77	0.20
77	0.21
77	0.20
77	0.21
77	0.20
77	0.21
77	0.20
77	0.21
77	0.20
77	0.21
77	0.20
77	0.21
77	0.21
77	0.21
77	0.20
77	0.21
77	0.21
77	0.21
77	0.21
77	0.21
77	0.21
77	0.21
77	0.24
77	0.22
77	0.22
77	0.22
77	0.21
77	0.22
77	0.22
77	0.21
77	0.21
77	0.21
77	0.21
77	0.21
77	0.21
77	0.21
77	0.21
77	0.22
77	0.21
77	0.21
77	0.20
77	0.21
77	0.21
77	0.21
77	0.21
77	0.21
77	0.20
77	0.20
77	0.20
78	0.21
78	0.22
78	0.22
78	0.23
78	0.22
78	0.22
78	0.23
78	0.23
78	0.22
78	0.22
78	0.22
78	0.22
78	0.22
78	0.23
78	0.22
78	0.22
78	0.22
78	0.23
78	0.23
78	0.23
78	0.23
78	0.23
78	0.22
78	0.22
78	0.22
78	0.23
78	0.22
78	0.22
78	0.22
78	0.22
78	0.22
78	0.22
78	0.23
78	0.23
78	0.23
78	0.22
78	0.23
78	0.22
78	0.22
78	0.22
78	0.23
78	0.22
78	0.22
78	0.22
78	0.23
78	0.23
78	0.22
78	0.23
78	0.22
78	0.22
78	0.22
78	0.22
78	0.23
78	0.22
78	0.22
78	0.22
78	0.22
78	0.22
78	0.23
78	0.22
78	0.23
78	0.23
78	0.23
78	0.22
78	0.22
78	0.22
78	0.22
78	0.22
78	0.22
78	0.23
78	0.23
78	0.23
78	0.22
78	0.22
78	0.22
78	0.22
78	0.22
78	0.21
78	0.22
78	0.22
78	0.22
78	0.22
78	0.22
78	0.22
78	0.23
78	0.23
78	0.22
78	0.23
78	0.22
78	0.22
78	0.22
78	0.22
78	0.22
78	0.22
78	0.22
78	0.22
78	0.22
78	0.22
78	0.23
78	0.22
79	0.23
79	0.23
79	0.23
79	0.23
79	0.24
79	0.24
79	0.24
79	0.23
79	0.23
79	0.23
79	0.23
79	0.23
79	0.23
79	0.23
79	0.25
79	0.24
79	0.24
79	0.23
79	0.23
79	0.23
79	0.23
79	0.23
79	0.23
79	0.23
79	0.23
79	0.23
79	0.23
79	0.23
79	0.23
79	0.23
79	0.23
79	0.23
79	0.23
79	0.23
79	0.23
79	0.23
79	0.23
79	0.23
79	0.23
79	0.23
79	0.23
79	0.23
79	0.24
79	0.23
79	0.23
79	0.23
79	0.23
79	0.23
79	0.24
79	0.23
79	0.23
79	0.23
79	0.24
79	0.25
79	0.23
79	0.23
79	0.24
79	0.23
79	0.23
79	0.23
79	0.24
79	0.23
79	0.24
79	0.23
79	0.24
79	0.24
79	0.24
79	0.23
79	0.23
79	0.24
79	0.23
79	0.23
79	0.23
79	0.23
79	0.23
79	0.23
79	0.23
79	0.23
79	0.23
79	0.23
79	0.23
79	0.23
79	0.23
79	0.23
79	0.24
79	0.23
79	0.23
79	0.23
79	0.23
79	0.23
79	0.23
79	0.23
79	0.23
79	0.23
79	0.22
79	0.23
79	0.23
79	0.23
79	0.23
79	0.23
80	0.24
80	0.24
80	0.24
80	0.24
80	0.24
80	0.24
80	0.24
80	0.24
80	0.24
80	0.25
80	0.25
80	0.24
80	0.24
80	0.24
80	0.24
80	0.26
80	0.25
80	0.24
80	0.25
80	0.26
80	0.24
80	0.24
80	0.25
80	0.24
80	0.24
80	0.24
80	0.24
80	0.24
80	0.24
80	0.24
80	0.25
80	0.25
80	0.24
80	0.24
80	0.24
80	0.24
80	0.24
80	0.24
80	0.25
80	0.24
80	0.24
80	0.24
80	0.24
80	0.24
80	0.25
80	0.25
80	0.25
80	0.24
80	0.25
80	0.25
80	0.24
80	0.25
80	0.24
80	0.24
80	0.24
80	0.24
80	0.24
80	0.24
80	0.24
80	0.24
80	0.24
80	0.24
80	0.24
80	0.25
80	0.24
80	0.24
80	0.24
80	0.24
80	0.24
80	0.24
80	0.24
80	0.25
80	0.24
80	0.24
80	0.24
80	0.24
80	0.24
80	0.25
80	0.24
80	0.25
80	0.25
80	0.24
80	0.24
80	0.24
80	0.24
80	0.25
80	0.24
80	0.25
80	0.24
80	0.24
80	0.24
80	0.24
80	0.25
80	0.24
80	0.24
80	0.24
80	0.24
80	0.24
80	0.24
80	0.24
81	0.26
81	0.26
81	0.28
81	0.27
81	0.25
81	0.26
81	0.26
81	0.25
81	0.26
81	0.26
81	0.26
81	0.27
81	0.26
81	0.25
81	0.26
81	0.26
81	0.26
81	0.25
81	0.25
81	0.25
81	0.25
81	0.26
81	0.26
81	0.25
81	0.25
81	0.25
81	0.26
81	0.25
81	0.27
81	0.27
81	0.27
81	0.27
81	0.26
81	0.26
81	0.27
81	0.28
81	0.26
81	0.26
81	0.26
81	0.26
81	0.28
81	0.26
81	0.26
81	0.26
81	0.26
81	0.25
81	0.26
81	0.26
81	0.26
81	0.25
81	0.26
81	0.25
81	0.26
81	0.26
81	0.25
81	0.26
81	0.26
81	0.25
81	0.25
81	0.25
81	0.26
81	0.26
81	0.26
81	0.25
81	0.25
81	0.25
81	0.26
81	0.26
81	0.27
81	0.27
81	0.26
81	0.26
81	0.26
81	0.27
81	0.26
81	0.27
81	0.27
81	0.27
81	0.27
81	0.27
81	0.28
81	0.28
81	0.27
81	0.26
81	0.26
81	0.25
81	0.26
81	0.26
81	0.26
81	0.26
81	0.26
81	0.26
81	0.26
81	0.26
81	0.26
81	0.26
81	0.25
81	0.26
81	0.25
81	0.26
82	0.28
82	0.28
82	0.27
82	0.27
82	0.27
82	0.27
82	0.27
82	0.27
82	0.26
82	0.27
82	0.27
82	0.27
82	0.26
82	0.26
82	0.27
82	0.26
82	0.27
82	0.26
82	0.27
82	0.27
82	0.26
82	0.27
82	0.26
82	0.27
82	0.27
82	0.27
82	0.27
82	0.26
82	0.27
82	0.28
82	0.27
82	0.27
82	0.26
82	0.27
82	0.27
82	0.26
82	0.27
82	0.27
82	0.27
82	0.26
82	0.27
82	0.27
82	0.27
82	0.27
82	0.26
82	0.28
82	0.27
82	0.26
82	0.26
82	0.27
82	0.26
82	0.26
82	0.27
82	0.27
82	0.27
82	0.26
82	0.30
82	0.27
82	0.27
82	0.27
82	0.26
82	0.26
82	0.26
82	0.26
82	0.27
82	0.27
82	0.26
82	0.26
82	0.27
82	0.27
82	0.27
82	0.26
82	0.27
82	0.27
82	0.27
82	0.26
82	0.27
82	0.26
82	0.27
82	0.27
82	0.27
82	0.26
82	0.28
82	0.28
82	0.28
82	0.28
82	0.27
82	0.27
82	0.28
82	0.27
82	0.27
82	0.27
82	0.26
82	0.26
82	0.26
82	0.26
82	0.26
82	0.26
82	0.26
82	0.27
83	0.28
83	0.28
83	0.28
83	0.28
83	0.29
83	0.28
83	0.28
83	0.29
83	0.28
83	0.28
83	0.28
83	0.28
83	0.28
83	0.28
83	0.28
83	0.28
83	0.28
83	0.28
83	0.28
83	0.28
83	0.28
83	0.28
83	0.28
83	0.28
83	0.28
83	0.28
83	0.29
83	0.28
83	0.28
83	0.28
83	0.28
83	0.28
83	0.28
83	0.28
83	0.29
83	0.28
83	0.28
83	0.29
83	0.28
83	0.28
83	0.30
83	0.29
83	0.28
83	0.29
83	0.28
83	0.28
83	0.28
83	0.28
83	0.28
83	0.29
83	0.28
83	0.28
83	0.28
83	0.28
83	0.28
83	0.30
83	0.29
83	0.29
83	0.28
83	0.28
83	0.28
83	0.29
83	0.28
83	0.28
83	0.28
83	0.28
83	0.28
83	0.27
83	0.28
83	0.28
83	0.28
83	0.28
83	0.28
83	0.29
83	0.28
83	0.28
83	0.28
83	0.27
83	0.28
83	0.28
83	0.28
83	0.28
83	0.27
83	0.28
83	0.28
83	0.28
83	0.28
83	0.28
83	0.27
83	0.28
83	0.27
83	0.28
83	0.28
83	0.29
83	0.28
83	0.28
83	0.28
83	0.28
83	0.28
83	0.28
84	0.29
84	0.29
84	0.29
84	0.30
84	0.31
84	0.29
84	0.29
84	0.30
84	0.30
84	0.29
84	0.30
84	0.30
84	0.30
84	0.29
84	0.30
84	0.29
84	0.29
84	0.29
84	0.29
84	0.29
84	0.29
84	0.30
84	0.29
84	0.30
84	0.29
84	0.30
84	0.29
84	0.30
84	0.29
84	0.29
84	0.29
84	0.29
84	0.29
84	0.29
84	0.29
84	0.29
84	0.29
84	0.29
84	0.29
84	0.29
84	0.31
84	0.31
84	0.29
84	0.29
84	0.29
84	0.30
84	0.29
84	0.29
84	0.30
84	0.30
84	0.30
84	0.30
84	0.29
84	0.29
84	0.29
84	0.29
84	0.29
84	0.30
84	0.29
84	0.29
84	0.29
84	0.30
84	0.29
84	0.30
84	0.29
84	0.30
84	0.29
84	0.30
84	0.29
84	0.29
84	0.29
84	0.29
84	0.29
84	0.30
84	0.29
84	0.29
84	0.29
84	0.29
84	0.29
84	0.31
84	0.31
84	0.29
84	0.30
84	0.29
84	0.29
84	0.29
84	0.30
84	0.29
84	0.30
84	0.29
84	0.29
84	0.29
84	0.29
84	0.29
84	0.30
84	0.30
84	0.29
84	0.29
84	0.29
84	0.29
85	0.31
85	0.30
85	0.31
85	0.31
85	0.31
85	0.31
85	0.31
85	0.31
85	0.31
85	0.33
85	0.32
85	0.31
85	0.31
85	0.31
85	0.30
85	0.30
85	0.30
85	0.30
85	0.30
85	0.30
85	0.30
85	0.31
85	0.30
85	0.30
85	0.31
85	0.30
85	0.31
85	0.31
85	0.30
85	0.30
85	0.31
85	0.31
85	0.30
85	0.31
85	0.31
85	0.31
85	0.30
85	0.31
85	0.31
85	0.33
85	0.31
85	0.31
85	0.31
85	0.31
85	0.30
85	0.30
85	0.31
85	0.33
85	0.30
85	0.30
85	0.30
85	0.31
85	0.31
85	0.31
85	0.30
85	0.30
85	0.30
85	0.30
85	0.30
85	0.31
85	0.30
85	0.30
85	0.30
85	0.31
85	0.30
85	0.31
85	0.31
85	0.30
85	0.31
85	0.32
85	0.31
85	0.30
85	0.30
85	0.30
85	0.30
85	0.30
85	0.30
85	0.31
85	0.30
85	0.30
85	0.31
85	0.31
85	0.31
85	0.31
85	0.30
85	0.31
85	0.30
85	0.31
85	0.30
85	0.31
85	0.31
85	0.31
85	0.31
85	0.31
85	0.31
85	0.32
85	0.31
85	0.30
85	0.31
85	0.30
86	0.33
86	0.32
86	0.32
86	0.31
86	0.32
86	0.32
86	0.32
86	0.32
86	0.32
86	0.32
86	0.31
86	0.32
86	0.32
86	0.31
86	0.31
86	0.32
86	0.32
86	0.31
86	0.32
86	0.32
86	0.33
86	0.31
86	0.32
86	0.33
86	0.32
86	0.32
86	0.32
86	0.32
86	0.32
86	0.32
86	0.33
86	0.32
86	0.32
86	0.32
86	0.32
86	0.32
86	0.32
86	0.32
86	0.31
86	0.31
86	0.32
86	0.32
86	0.32
86	0.32
86	0.31
86	0.32
86	0.31
86	0.32
86	0.32
86	0.31
86	0.32
86	0.32
86	0.32
86	0.32
86	0.33
86	0.31
86	0.31
86	0.32
86	0.32
86	0.32
86	0.32
86	0.32
86	0.32
86	0.32
86	0.34
86	0.34
86	0.35
86	0.33
86	0.32
86	0.32
86	0.34
86	0.32
86	0.32
86	0.32
86	0.32
86	0.32
86	0.32
86	0.32
86	0.32
86	0.32
86	0.32
86	0.31
86	0.32
86	0.32
86	0.32
86	0.32
86	0.32
86	0.32
86	0.31
86	0.31
86	0.32
86	0.32
86	0.32
86	0.31
86	0.31
86	0.32
86	0.32
86	0.33
86	0.32
86	0.32
87	0.36
87	0.34
87	0.34
87	0.33
87	0.34
87	0.34
87	0.34
87	0.33
87	0.33
87	0.33
87	0.33
87	0.33
87	0.34
87	0.33
87	0.33
87	0.33
87	0.33
87	0.33
87	0.33
87	0.33
87	0.33
87	0.33
87	0.33
87	0.33
87	0.33
87	0.34
87	0.35
87	0.36
87	0.33
87	0.33
87	0.33
87	0.33
87	0.33
87	0.34
87	0.33
87	0.33
87	0.35
87	0.34
87	0.33
87	0.34
87	0.33
87	0.33
87	0.33
87	0.33
87	0.33
87	0.33
87	0.33
87	0.34
87	0.33
87	0.33
87	0.33
87	0.33
87	0.34
87	0.33
87	0.33
87	0.33
87	0.34
87	0.33
87	0.34
87	0.34
87	0.33
87	0.34
87	0.33
87	0.34
87	0.33
87	0.33
87	0.34
87	0.33
87	0.33
87	0.35
87	0.35
87	0.35
87	0.34
87	0.33
87	0.34
87	0.33
87	0.34
87	0.33
87	0.34
87	0.33
87	0.34
87	0.33
87	0.33
87	0.33
87	0.33
87	0.34
87	0.33
87	0.33
87	0.34
87	0.34
87	0.33
87	0.35
87	0.35
87	0.35
87	0.34
87	0.34
87	0.33
87	0.34
87	0.34
87	0.33
88	0.34
88	0.34
88	0.34
88	0.35
88	0.37
88	0.35
88	0.35
88	0.35
88	0.34
88	0.35
88	0.34
88	0.34
88	0.34
88	0.34
88	0.34
88	0.35
88	0.36
88	0.35
88	0.35
88	0.35
88	0.34
88	0.34
88	0.34
88	0.34
88	0.34
88	0.34
88	0.34
88	0.34
88	0.34
88	0.34
88	0.34
88	0.35
88	0.34
88	0.37
88	0.36
88	0.34
88	0.35
88	0.35
88	0.36
88	0.35
88	0.35
88	0.35
88	0.34
88	0.35
88	0.35
88	0.35
88	0.34
88	0.34
88	0.34
88	0.34
88	0.36
88	0.36
88	0.36
88	0.34
88	0.36
88	0.35
88	0.35
88	0.35
88	0.34
88	0.34
88	0.35
88	0.34
88	0.34
88	0.35
88	0.34
88	0.34
88	0.34
88	0.34
88	0.34
88	0.34
88	0.35
88	0.35
88	0.34
88	0.35
88	0.35
88	0.34
88	0.34
88	0.35
88	0.35
88	0.35
88	0.35
88	0.34
88	0.34
88	0.34
88	0.34
88	0.34
88	0.34
88	0.35
88	0.34
88	0.34
88	0.34
88	0.34
88	0.35
88	0.34
88	0.35
88	0.34
88	0.34
88	0.34
88	0.34
88	0.34
89	0.35
89	0.36
89	0.36
89	0.36
89	0.36
89	0.36
89	0.35
89	0.35
89	0.36
89	0.36
89	0.36
89	0.36
89	0.36
89	0.36
89	0.36
89	0.38
89	0.39
89	0.37
89	0.37
89	0.37
89	0.36
89	0.36
89	0.36
89	0.36
89	0.36
89	0.36
89	0.36
89	0.36
89	0.36
89	0.36
89	0.36
89	0.36
89	0.36
89	0.36
89	0.36
89	0.36
89	0.37
89	0.36
89	0.35
89	0.36
89	0.36
89	0.36
89	0.37
89	0.36
89	0.36
89	0.37
89	0.35
89	0.35
89	0.36
89	0.36
89	0.36
89	0.35
89	0.35
89	0.35
89	0.36
89	0.36
89	0.35
89	0.35
89	0.36
89	0.35
89	0.35
89	0.36
89	0.36
89	0.36
89	0.39
89	0.38
89	0.36
89	0.36
89	0.36
89	0.36
89	0.36
89	0.36
89	0.35
89	0.35
89	0.35
89	0.36
89	0.36
89	0.36
89	0.36
89	0.36
89	0.36
89	0.37
89	0.36
89	0.36
89	0.36
89	0.36
89	0.36
89	0.36
89	0.36
89	0.36
89	0.36
89	0.37
89	0.36
89	0.36
89	0.37
89	0.36
89	0.36
89	0.37
89	0.36
89	0.36
90	0.37
90	0.37
90	0.37
90	0.37
90	0.37
90	0.38
90	0.37
90	0.37
90	0.37
90	0.38
90	0.37
90	0.37
90	0.37
90	0.37
90	0.37
90	0.37
90	0.37
90	0.37
90	0.38
90	0.37
90	0.38
90	0.37
90	0.37
90	0.37
90	0.37
90	0.37
90	0.37
90	0.37
90	0.37
90	0.37
90	0.37
90	0.37
90	0.37
90	0.37
90	0.37
90	0.37
90	0.37
90	0.37
90	0.37
90	0.38
90	0.37
90	0.37
90	0.37
90	0.37
90	0.37
90	0.37
90	0.39
90	0.40
90	0.40
90	0.39
90	0.37
90	0.38
90	0.38
90	0.38
90	0.37
90	0.38
90	0.37
90	0.37
90	0.37
90	0.38
90	0.39
90	0.37
90	0.38
90	0.38
90	0.38
90	0.38
90	0.37
90	0.37
90	0.37
90	0.38
90	0.37
90	0.38
90	0.38
90	0.37
90	0.38
90	0.37
90	0.38
90	0.38
90	0.37
90	0.38
90	0.37
90	0.38
90	0.37
90	0.37
90	0.37
90	0.38
90	0.37
90	0.38
90	0.37
90	0.37
90	0.38
90	0.37
90	0.37
90	0.37
90	0.37
90	0.37
90	0.36
90	0.36
90	0.37
90	0.37
91	0.40
91	0.40
91	0.39
91	0.38
91	0.38
91	0.38
91	0.38
91	0.38
91	0.39
91	0.39
91	0.38
91	0.38
91	0.38
91	0.39
91	0.38
91	0.40
91	0.40
91	0.39
91	0.38
91	0.39
91	0.40
91	0.39
91	0.38
91	0.40
91	0.39
91	0.39
91	0.39
91	0.39
91	0.39
91	0.38
91	0.38
91	0.38
91	0.38
91	0.38
91	0.38
91	0.38
91	0.38
91	0.39
91	0.38
91	0.38
91	0.38
91	0.38
91	0.38
91	0.38
91	0.38
91	0.39
91	0.38
91	0.38
91	0.38
91	0.38
91	0.38
91	0.38
91	0.38
91	0.38
91	0.39
91	0.38
91	0.39
91	0.38
91	0.38
91	0.39
91	0.38
91	0.39
91	0.38
91	0.38
91	0.39
91	0.38
91	0.39
91	0.38
91	0.38
91	0.40
91	0.41
91	0.39
91	0.39
91	0.40
91	0.38
91	0.38
91	0.40
91	0.39
91	0.38
91	0.39
91	0.38
91	0.38
91	0.40
91	0.38
91	0.39
91	0.39
91	0.38
91	0.38
91	0.40
91	0.39
91	0.38
91	0.38
91	0.38
91	0.38
91	0.38
91	0.39
91	0.38
91	0.38
91	0.38
91	0.39
92	0.40
92	0.40
92	0.40
92	0.39
92	0.40
92	0.40
92	0.40
92	0.40
92	0.41
92	0.40
92	0.41
92	0.40
92	0.40
92	0.42
92	0.41
92	0.40
92	0.40
92	0.40
92	0.40
92	0.40
92	0.41
92	0.40
92	0.40
92	0.41
92	0.40
92	0.39
92	0.40
92	0.39
92	0.40
92	0.39
92	0.40
92	0.40
92	0.41
92	0.40
92	0.39
92	0.40
92	0.41
92	0.40
92	0.40
92	0.40
92	0.40
92	0.42
92	0.40
92	0.40
92	0.40
92	0.40
92	0.40
92	0.40
92	0.43
92	0.41
92	0.41
92	0.40
92	0.40
92	0.40
92	0.41
92	0.40
92	0.40
92	0.40
92	0.40
92	0.41
92	0.41
92	0.40
92	0.40
92	0.40
92	0.41
92	0.41
92	0.41
92	0.39
92	0.39
92	0.41
92	0.40
92	0.40
92	0.40
92	0.40
92	0.39
92	0.39
92	0.40
92	0.40
92	0.40
92	0.39
92	0.39
92	0.39
92	0.39
92	0.40
92	0.40
92	0.40
92	0.40
92	0.40
92	0.40
92	0.41
92	0.41
92	0.40
92	0.41
92	0.40
92	0.41
92	0.40
92	0.40
92	0.39
92	0.40
92	0.40
93	0.41
93	0.42
93	0.41
93	0.41
93	0.42
93	0.42
93	0.42
93	0.42
93	0.42
93	0.42
93	0.41
93	0.41
93	0.42
93	0.41
93	0.41
93	0.41
93	0.41
93	0.41
93	0.41
93	0.41
93	0.41
93	0.41
93	0.41
93	0.41
93	0.42
93	0.42
93	0.42
93	0.41
93	0.42
93	0.42
93	0.42
93	0.42
93	0.42
93	0.41
93	0.42
93	0.41
93	0.41
93	0.41
93	0.41
93	0.42
93	0.41
93	0.42
93	0.42
93	0.42
93	0.41
93	0.42
93	0.43
93	0.42
93	0.43
93	0.42
93	0.43
93	0.42
93	0.42
93	0.41
93	0.41
93	0.42
93	0.42
93	0.43
93	0.42
93	0.42
93	0.43
93	0.42
93	0.42
93	0.43
93	0.44
93	0.42
93	0.43
93	0.42
93	0.41
93	0.42
93	0.42
93	0.42
93	0.42
93	0.42
93	0.43
93	0.42
93	0.42
93	0.42
93	0.42
93	0.42
93	0.42
93	0.43
93	0.43
93	0.43
93	0.42
93	0.42
93	0.42
93	0.43
93	0.42
93	0.42
93	0.43
93	0.42
93	0.42
93	0.41
93	0.42
93	0.42
93	0.42
93	0.42
93	0.43
93	0.43
94	0.45
94	0.44
94	0.44
94	0.43
94	0.44
94	0.45
94	0.45
94	0.44
94	0.44
94	0.45
94	0.45
94	0.44
94	0.45
94	0.44
94	0.43
94	0.44
94	0.44
94	0.44
94	0.44
94	0.44
94	0.44
94	0.45
94	0.45
94	0.44
94	0.45
94	0.44
94	0.44
94	0.44
94	0.45
94	0.44
94	0.44
94	0.43
94	0.44
94	0.43
94	0.44
94	0.43
94	0.43
94	0.44
94	0.44
94	0.44
94	0.45
94	0.45
94	0.44
94	0.43
94	0.43
94	0.43
94	0.43
94	0.43
94	0.44
94	0.44
94	0.43
94	0.44
94	0.44
94	0.43
94	0.44
94	0.43
94	0.44
94	0.44
94	0.44
94	0.43
94	0.44
94	0.44
94	0.43
94	0.44
94	0.43
94	0.44
94	0.43
94	0.43
94	0.43
94	0.44
94	0.44
94	0.44
94	0.44
94	0.44
94	0.43
94	0.43
94	0.45
94	0.44
94	0.44
94	0.43
94	0.45
94	0.45
94	0.44
94	0.44
94	0.45
94	0.45
94	0.44
94	0.44
94	0.44
94	0.44
94	0.45
94	0.44
94	0.44
94	0.44
94	0.45
94	0.44
94	0.43
94	0.45
94	0.44
94	0.45
95	0.47
95	0.46
95	0.46
95	0.46
95	0.45
95	0.46
95	0.46
95	0.46
95	0.46
95	0.46
95	0.46
95	0.46
95	0.46
95	0.46
95	0.46
95	0.46
95	0.47
95	0.45
95	0.45
95	0.45
95	0.45
95	0.45
95	0.46
95	0.46
95	0.46
95	0.46
95	0.46
95	0.46
95	0.46
95	0.46
95	0.46
95	0.45
95	0.45
95	0.46
95	0.45
95	0.45
95	0.46
95	0.45
95	0.45
95	0.47
95	0.45
95	0.44
95	0.45
95	0.46
95	0.46
95	0.45
95	0.46
95	0.45
95	0.45
95	0.44
95	0.45
95	0.44
95	0.44
95	0.45
95	0.45
95	0.46
95	0.45
95	0.45
95	0.45
95	0.44
95	0.45
95	0.45
95	0.45
95	0.45
95	0.46
95	0.45
95	0.45
95	0.45
95	0.45
95	0.45
95	0.45
95	0.45
95	0.48
95	0.45
95	0.48
95	0.46
95	0.45
95	0.45
95	0.46
95	0.45
95	0.45
95	0.45
95	0.45
95	0.45
95	0.44
95	0.45
95	0.45
95	0.45
95	0.45
95	0.45
95	0.44
95	0.45
95	0.45
95	0.44
95	0.44
95	0.45
95	0.45
95	0.45
95	0.45
95	0.45
96	0.48
96	0.47
96	0.47
96	0.48
96	0.48
96	0.47
96	0.47
96	0.48
96	0.48
96	0.47
96	0.48
96	0.48
96	0.47
96	0.47
96	0.46
96	0.47
96	0.46
96	0.47
96	0.47
96	0.47
96	0.47
96	0.47
96	0.46
96	0.48
96	0.46
96	0.47
96	0.48
96	0.47
96	0.47
96	0.47
96	0.48
96	0.47
96	0.48
96	0.48
96	0.47
96	0.47
96	0.48
96	0.47
96	0.47
96	0.47
96	0.47
96	0.47
96	0.47
96	0.48
96	0.48
96	0.50
96	0.48
96	0.47
96	0.46
96	0.47
96	0.47
96	0.47
96	0.47
96	0.48
96	0.47
96	0.46
96	0.46
96	0.47
96	0.47
96	0.48
96	0.47
96	0.47
96	0.47
96	0.47
96	0.47
96	0.47
96	0.48
96	0.48
96	0.49
96	0.48
96	0.49
96	0.48
96	0.48
96	0.47
96	0.48
96	0.47
96	0.47
96	0.47
96	0.47
96	0.47
96	0.48
96	0.49
96	0.47
96	0.47
96	0.47
96	0.47
96	0.47
96	0.47
96	0.48
96	0.48
96	0.50
96	0.48
96	0.47
96	0.50
96	0.48
96	0.48
96	0.48
96	0.48
96	0.47
96	0.48
97	0.50
97	0.49
97	0.51
97	0.50
97	0.51
97	0.51
97	0.50
97	0.51
97	0.50
97	0.51
97	0.51
97	0.49
97	0.50
97	0.50
97	0.50
97	0.50
97	0.50
97	0.50
97	0.51
97	0.50
97	0.49
97	0.50
97	0.49
97	0.50
97	0.49
97	0.49
97	0.49
97	0.49
97	0.49
97	0.49
97	0.49
97	0.49
97	0.49
97	0.49
97	0.49
97	0.49
97	0.49
97	0.49
97	0.49
97	0.49
97	0.49
97	0.49
97	0.49
97	0.49
97	0.49
97	0.49
97	0.49
97	0.49
97	0.49
97	0.50
97	0.49
97	0.49
97	0.49
97	0.49
97	0.49
97	0.49
97	0.48
97	0.48
97	0.49
97	0.49
97	0.49
97	0.49
97	0.51
97	0.49
97	0.50
97	0.49
97	0.49
97	0.51
97	0.49
97	0.49
97	0.49
97	0.49
97	0.49
97	0.50
97	0.51
97	0.49
97	0.50
97	0.49
97	0.49
97	0.49
97	0.49
97	0.50
97	0.52
97	0.53
97	0.51
97	0.50
97	0.52
97	0.49
97	0.50
97	0.50
97	0.50
97	0.49
97	0.49
97	0.50
97	0.49
97	0.49
97	0.51
97	0.50
97	0.50
97	0.51
98	0.56
98	0.55
98	0.53
98	0.53
98	0.53
98	0.54
98	0.52
98	0.54
98	0.53
98	0.53
98	0.53
98	0.53
98	0.52
98	0.53
98	0.53
98	0.54
98	0.53
98	0.54
98	0.53
98	0.53
98	0.53
98	0.53
98	0.53
98	0.53
98	0.53
98	0.53
98	0.53
98	0.52
98	0.54
98	0.54
98	0.53
98	0.53
98	0.53
98	0.52
98	0.53
98	0.53
98	0.52
98	0.51
98	0.51
98	0.51
98	0.51
98	0.52
98	0.51
98	0.52
98	0.52
98	0.52
98	0.53
98	0.52
98	0.52
98	0.53
98	0.53
98	0.53
98	0.52
98	0.51
98	0.51
98	0.52
98	0.51
98	0.51
98	0.52
98	0.52
98	0.52
98	0.52
98	0.53
98	0.52
98	0.52
98	0.52
98	0.52
98	0.52
98	0.52
98	0.52
98	0.52
98	0.52
98	0.52
98	0.52
98	0.52
98	0.52
98	0.52
98	0.52
98	0.53
98	0.51
98	0.52
98	0.52
98	0.52
98	0.54
98	0.53
98	0.52
98	0.52
98	0.52
98	0.51
98	0.52
98	0.52
98	0.52
98	0.53
98	0.51
98	0.52
98	0.54
98	0.54
98	0.52
98	0.53
98	0.53
99	0.55
99	0.56
99	0.55
99	0.55
99	0.55
99	0.55
99	0.55
99	0.55
99	0.56
99	0.56
99	0.55
99	0.55
99	0.55
99	0.55
99	0.55
99	0.55
99	0.54
99	0.55
99	0.54
99	0.55
99	0.54
99	0.55
99	0.55
99	0.54
99	0.55
99	0.54
99	0.54
99	0.56
99	0.56
99	0.55
99	0.56
99	0.55
99	0.56
99	0.56
99	0.57
99	0.57
99	0.55
99	0.54
99	0.54
99	0.54
99	0.55
99	0.55
99	0.54
99	0.55
99	0.55
99	0.55
99	0.54
99	0.54
99	0.55
99	0.55
99	0.54
99	0.55
99	0.55
99	0.55
99	0.55
99	0.54
99	0.55
99	0.54
99	0.54
99	0.54
99	0.55
99	0.55
99	0.55
99	0.54
99	0.55
99	0.55
99	0.55
99	0.57
99	0.56
99	0.55
99	0.56
99	0.55
99	0.55
99	0.56
99	0.56
99	0.55
99	0.55
99	0.56
99	0.56
99	0.56
99	0.55
99	0.56
99	0.57
99	0.57
99	0.55
99	0.56
99	0.56
99	0.55
99	0.55
99	0.55
99	0.55
99	0.55
99	0.55
99	0.55
99	0.56
99	0.54
99	0.54
99	0.54
99	0.54
99	0.55
