1	0.50
1	0.49
1	0.49
1	0.50
1	0.49
1	0.49
1	0.49
1	0.49
1	0.49
1	0.49
1	0.49
1	0.49
1	0.49
1	0.49
1	0.49
1	0.49
1	0.49
1	0.50
1	0.51
1	0.51
1	0.49
1	0.49
1	0.49
1	0.49
1	0.49
1	0.49
1	0.49
1	0.49
1	0.49
1	0.49
1	0.49
1	0.49
1	0.49
1	0.49
1	0.49
1	0.49
1	0.49
1	0.49
1	0.49
1	0.49
1	0.49
1	0.49
1	0.49
1	0.49
1	0.49
1	0.49
1	0.49
1	0.49
1	0.49
1	0.49
1	0.49
1	0.50
1	0.49
1	0.49
1	0.49
1	0.49
1	0.49
1	0.49
1	0.50
1	0.49
1	0.49
1	0.49
1	0.49
1	0.49
1	0.49
1	0.49
1	0.49
1	0.49
1	0.49
1	0.49
1	0.49
1	0.49
1	0.50
1	0.50
1	0.49
1	0.49
1	0.49
1	0.50
1	0.49
1	0.49
1	0.49
1	0.49
1	0.49
1	0.49
1	0.50
1	0.49
1	0.49
1	0.49
1	0.49
1	0.49
1	0.49
1	0.49
1	0.49
1	0.49
1	0.49
1	0.49
1	0.49
1	0.49
1	0.49
1	0.49
2	0.48
2	0.48
2	0.49
2	0.48
2	0.49
2	0.48
2	0.48
2	0.48
2	0.49
2	0.49
2	0.49
2	0.49
2	0.48
2	0.49
2	0.48
2	0.48
2	0.49
2	0.49
2	0.48
2	0.49
2	0.49
2	0.49
2	0.49
2	0.49
2	0.49
2	0.49
2	0.49
2	0.48
2	0.49
2	0.48
2	0.49
2	0.48
2	0.49
2	0.49
2	0.49
2	0.49
2	0.49
2	0.49
2	0.51
2	0.50
2	0.49
2	0.49
2	0.48
2	0.48
2	0.49
2	0.49
2	0.49
2	0.49
2	0.49
2	0.49
2	0.48
2	0.48
2	0.49
2	0.48
2	0.48
2	0.48
2	0.49
2	0.48
2	0.49
2	0.49
2	0.48
2	0.49
2	0.49
2	0.49
2	0.49
2	0.48
2	0.48
2	0.49
2	0.49
2	0.49
2	0.49
2	0.48
2	0.49
2	0.48
2	0.48
2	0.49
2	0.49
2	0.49
2	0.49
2	0.49
2	0.48
2	0.49
2	0.49
2	0.49
2	0.49
2	0.49
2	0.49
2	0.48
2	0.49
2	0.48
2	0.49
2	0.48
2	0.48
2	0.48
2	0.49
2	0.49
2	0.49
2	0.49
2	0.50
2	0.48
3	0.48
3	0.48
3	0.48
3	0.48
3	0.48
3	0.48
3	0.48
3	0.48
3	0.48
3	0.48
3	0.48
3	0.48
3	0.48
3	0.48
3	0.48
3	0.48
3	0.48
3	0.48
3	0.48
3	0.48
3	0.48
3	0.48
3	0.48
3	0.48
3	0.48
3	0.48
3	0.48
3	0.48
3	0.48
3	0.48
3	0.49
3	0.48
3	0.48
3	0.48
3	0.48
3	0.48
3	0.48
3	0.48
3	0.48
3	0.48
3	0.48
3	0.48
3	0.48
3	0.49
3	0.48
3	0.48
3	0.48
3	0.48
3	0.48
3	0.48
3	0.48
3	0.48
3	0.48
3	0.48
3	0.48
3	0.48
3	0.48
3	0.48
3	0.49
3	0.50
3	0.50
3	0.48
3	0.48
3	0.48
3	0.48
3	0.48
3	0.48
3	0.48
3	0.48
3	0.48
3	0.48
3	0.48
3	0.48
3	0.48
3	0.48
3	0.48
3	0.48
3	0.48
3	0.48
3	0.49
3	0.48
3	0.48
3	0.48
3	0.48
3	0.48
3	0.48
3	0.48
3	0.48
3	0.48
3	0.48
3	0.48
3	0.48
3	0.48
3	0.48
3	0.48
3	0.48
3	0.48
3	0.48
3	0.48
3	0.48
4	0.48
4	0.47
4	0.48
4	0.48
4	0.48
4	0.47
4	0.48
4	0.48
4	0.48
4	0.48
4	0.47
4	0.48
4	0.47
4	0.48
4	0.48
4	0.48
4	0.47
4	0.48
4	0.48
4	0.49
4	0.48
4	0.48
4	0.47
4	0.47
4	0.48
4	0.47
4	0.47
4	0.47
4	0.48
4	0.47
4	0.47
4	0.47
4	0.47
4	0.48
4	0.48
4	0.48
4	0.47
4	0.47
4	0.47
4	0.48
4	0.48
4	0.48
4	0.48
4	0.48
4	0.48
4	0.48
4	0.48
4	0.48
4	0.48
4	0.48
4	0.48
4	0.48
4	0.48
4	0.48
4	0.47
4	0.47
4	0.47
4	0.47
4	0.48
4	0.47
4	0.48
4	0.48
4	0.48
4	0.47
4	0.48
4	0.48
4	0.48
4	0.48
4	0.48
4	0.48
4	0.48
4	0.48
4	0.48
4	0.47
4	0.48
4	0.48
4	0.48
4	0.48
4	0.47
4	0.48
4	0.48
4	0.50
4	0.50
4	0.48
4	0.47
4	0.48
4	0.47
4	0.47
4	0.48
4	0.48
4	0.47
4	0.48
4	0.48
4	0.48
4	0.48
4	0.48
4	0.48
4	0.47
4	0.47
4	0.48
5	0.47
5	0.47
5	0.47
5	0.47
5	0.47
5	0.47
5	0.47
5	0.47
5	0.47
5	0.47
5	0.47
5	0.47
5	0.47
5	0.47
5	0.47
5	0.47
5	0.47
5	0.47
5	0.47
5	0.47
5	0.47
5	0.47
5	0.47
5	0.47
5	0.47
5	0.47
5	0.47
5	0.47
5	0.47
5	0.47
5	0.47
5	0.47
5	0.47
5	0.47
5	0.47
5	0.47
5	0.47
5	0.47
5	0.47
5	0.47
5	0.47
5	0.47
5	0.47
5	0.48
5	0.48
5	0.47
5	0.47
5	0.47
5	0.47
5	0.47
5	0.47
5	0.47
5	0.47
5	0.47
5	0.48
5	0.49
5	0.47
5	0.49
5	0.50
5	0.49
5	0.48
5	0.47
5	0.47
5	0.49
5	0.48
5	0.48
5	0.47
5	0.47
5	0.49
5	0.50
5	0.48
5	0.47
5	0.47
5	0.48
5	0.48
5	0.48
5	0.48
5	0.48
5	0.49
5	0.49
5	0.48
5	0.48
5	0.48
5	0.47
5	0.49
5	0.49
5	0.49
5	0.50
5	0.50
5	0.49
5	0.48
5	0.47
5	0.48
5	0.48
5	0.47
5	0.47
5	0.47
5	0.47
5	0.47
5	0.47
6	0.46
6	0.46
6	0.46
6	0.47
6	0.47
6	0.46
6	0.46
6	0.46
6	0.46
6	0.46
6	0.46
6	0.46
6	0.46
6	0.46
6	0.46
6	0.47
6	0.46
6	0.47
6	0.47
6	0.50
6	0.48
6	0.47
6	0.47
6	0.47
6	0.47
6	0.46
6	0.47
6	0.48
6	0.46
6	0.46
6	0.46
6	0.45
6	0.46
6	0.46
6	0.46
6	0.46
6	0.46
6	0.46
6	0.46
6	0.46
6	0.47
6	0.47
6	0.47
6	0.47
6	0.46
6	0.46
6	0.46
6	0.47
6	0.47
6	0.47
6	0.47
6	0.47
6	0.48
6	0.48
6	0.47
6	0.48
6	0.48
6	0.47
6	0.47
6	0.46
6	0.47
6	0.47
6	0.48
6	0.46
6	0.46
6	0.45
6	0.46
6	0.46
6	0.48
6	0.47
6	0.47
6	0.46
6	0.46
6	0.45
6	0.46
6	0.46
6	0.46
6	0.46
6	0.46
6	0.48
6	0.46
6	0.46
6	0.46
6	0.46
6	0.46
6	0.46
6	0.46
6	0.46
6	0.46
6	0.46
6	0.47
6	0.46
6	0.46
6	0.46
6	0.45
6	0.46
6	0.46
6	0.46
6	0.46
6	0.47
7	0.45
7	0.45
7	0.44
7	0.45
7	0.44
7	0.44
7	0.45
7	0.45
7	0.44
7	0.45
7	0.45
7	0.45
7	0.44
7	0.45
7	0.44
7	0.44
7	0.45
7	0.44
7	0.44
7	0.44
7	0.44
7	0.45
7	0.44
7	0.45
7	0.44
7	0.45
7	0.44
7	0.44
7	0.44
7	0.44
7	0.44
7	0.44
7	0.44
7	0.47
7	0.45
7	0.44
7	0.44
7	0.44
7	0.44
7	0.44
7	0.44
7	0.45
7	0.46
7	0.45
7	0.45
7	0.45
7	0.45
7	0.45
7	0.46
7	0.45
7	0.45
7	0.44
7	0.45
7	0.45
7	0.45
7	0.46
7	0.49
7	0.51
7	0.47
7	0.45
7	0.48
7	0.45
7	0.46
7	0.45
7	0.45
7	0.45
7	0.44
7	0.45
7	0.44
7	0.44
7	0.47
7	0.45
7	0.47
7	0.47
7	0.46
7	0.48
7	0.50
7	0.46
7	0.46
7	0.46
7	0.46
7	0.45
7	0.47
7	0.45
7	0.44
7	0.44
7	0.44
7	0.45
7	0.46
7	0.46
7	0.45
7	0.46
7	0.46
7	0.44
7	0.44
7	0.44
7	0.44
7	0.45
7	0.44
7	0.44
8	0.42
8	0.43
8	0.45
8	0.45
8	0.43
8	0.42
8	0.42
8	0.42
8	0.42
8	0.42
8	0.43
8	0.43
8	0.43
8	0.43
8	0.43
8	0.43
8	0.44
8	0.45
8	0.43
8	0.43
8	0.43
8	0.43
8	0.43
8	0.43
8	0.43
8	0.44
8	0.45
8	0.43
8	0.43
8	0.43
8	0.42
8	0.43
8	0.46
8	0.43
8	0.44
8	0.44
8	0.45
8	0.45
8	0.44
8	0.44
8	0.44
8	0.42
8	0.42
8	0.43
8	0.42
8	0.43
8	0.42
8	0.42
8	0.42
8	0.42
8	0.42
8	0.43
8	0.43
8	0.42
8	0.42
8	0.42
8	0.42
8	0.43
8	0.42
8	0.42
8	0.42
8	0.43
8	0.45
8	0.43
8	0.43
8	0.44
8	0.45
8	0.44
8	0.44
8	0.44
8	0.43
8	0.43
8	0.43
8	0.43
8	0.45
8	0.43
8	0.43
8	0.45
8	0.42
8	0.43
8	0.42
8	0.46
8	0.43
8	0.43
8	0.45
8	0.45
8	0.43
8	0.45
8	0.43
8	0.42
8	0.42
8	0.43
8	0.43
8	0.42
8	0.42
8	0.42
8	0.42
8	0.42
8	0.42
8	0.43
9	0.41
9	0.41
9	0.41
9	0.41
9	0.41
9	0.41
9	0.41
9	0.41
9	0.41
9	0.42
9	0.41
9	0.40
9	0.40
9	0.41
9	0.41
9	0.41
9	0.42
9	0.41
9	0.40
9	0.41
9	0.40
9	0.40
9	0.40
9	0.40
9	0.41
9	0.42
9	0.41
9	0.41
9	0.41
9	0.42
9	0.42
9	0.40
9	0.41
9	0.42
9	0.40
9	0.41
9	0.41
9	0.41
9	0.41
9	0.40
9	0.42
9	0.41
9	0.41
9	0.43
9	0.40
9	0.40
9	0.40
9	0.40
9	0.40
9	0.41
9	0.40
9	0.40
9	0.40
9	0.40
9	0.40
9	0.40
9	0.40
9	0.40
9	0.41
9	0.41
9	0.40
9	0.40
9	0.41
9	0.41
9	0.41
9	0.41
9	0.40
9	0.40
9	0.41
9	0.40
9	0.41
9	0.43
9	0.40
9	0.40
9	0.41
9	0.43
9	0.41
9	0.42
9	0.42
9	0.42
9	0.44
9	0.41
9	0.43
9	0.42
9	0.40
9	0.41
9	0.40
9	0.42
9	0.40
9	0.40
9	0.40
9	0.40
9	0.41
9	0.40
9	0.40
9	0.40
9	0.40
9	0.40
9	0.40
9	0.40
10	0.38
10	0.38
10	0.38
10	0.38
10	0.38
10	0.38
10	0.38
10	0.40
10	0.38
10	0.38
10	0.38
10	0.38
10	0.38
10	0.38
10	0.38
10	0.38
10	0.38
10	0.38
10	0.38
10	0.39
10	0.38
10	0.38
10	0.38
10	0.38
10	0.38
10	0.38
10	0.39
10	0.40
10	0.39
10	0.38
10	0.38
10	0.38
10	0.38
10	0.38
10	0.38
10	0.38
10	0.38
10	0.39
10	0.40
10	0.38
10	0.43
10	0.40
10	0.39
10	0.40
10	0.38
10	0.41
10	0.41
10	0.40
10	0.40
10	0.40
10	0.41
10	0.41
10	0.41
10	0.43
10	0.41
10	0.42
10	0.41
10	0.40
10	0.41
10	0.41
10	0.39
10	0.39
10	0.39
10	0.38
10	0.39
10	0.42
10	0.39
10	0.40
10	0.39
10	0.39
10	0.42
10	0.41
10	0.42
10	0.41
10	0.40
10	0.38
10	0.38
10	0.38
10	0.38
10	0.38
10	0.40
10	0.38
10	0.38
10	0.38
10	0.38
10	0.38
10	0.38
10	0.38
10	0.38
10	0.38
10	0.38
10	0.38
10	0.38
10	0.38
10	0.38
10	0.40
10	0.41
10	0.39
10	0.38
10	0.39
11	0.36
11	0.36
11	0.36
11	0.36
11	0.36
11	0.37
11	0.37
11	0.36
11	0.36
11	0.36
11	0.36
11	0.37
11	0.36
11	0.37
11	0.37
11	0.36
11	0.37
11	0.37
11	0.36
11	0.37
11	0.36
11	0.37
11	0.36
11	0.36
11	0.38
11	0.36
11	0.37
11	0.36
11	0.37
11	0.37
11	0.38
11	0.36
11	0.36
11	0.36
11	0.36
11	0.36
11	0.37
11	0.37
11	0.37
11	0.36
11	0.36
11	0.36
11	0.36
11	0.38
11	0.38
11	0.37
11	0.36
11	0.36
11	0.37
11	0.36
11	0.38
11	0.38
11	0.39
11	0.37
11	0.38
11	0.36
11	0.36
11	0.36
11	0.37
11	0.37
11	0.37
11	0.38
11	0.37
11	0.36
11	0.36
11	0.36
11	0.37
11	0.37
11	0.37
11	0.37
11	0.37
11	0.36
11	0.36
11	0.36
11	0.36
11	0.36
11	0.36
11	0.36
11	0.36
11	0.36
11	0.36
11	0.36
11	0.36
11	0.36
11	0.36
11	0.36
11	0.37
11	0.36
11	0.36
11	0.38
11	0.37
11	0.36
11	0.36
11	0.37
11	0.36
11	0.36
11	0.36
11	0.36
11	0.36
11	0.36
12	0.34
12	0.34
12	0.34
12	0.34
12	0.34
12	0.34
12	0.34
12	0.34
12	0.33
12	0.33
12	0.34
12	0.34
12	0.33
12	0.33
12	0.33
12	0.33
12	0.33
12	0.33
12	0.34
12	0.34
12	0.33
12	0.34
12	0.33
12	0.35
12	0.35
12	0.33
12	0.34
12	0.34
12	0.35
12	0.34
12	0.34
12	0.33
12	0.34
12	0.34
12	0.34
12	0.34
12	0.34
12	0.34
12	0.34
12	0.34
12	0.33
12	0.33
12	0.34
12	0.34
12	0.34
12	0.34
12	0.34
12	0.34
12	0.34
12	0.34
12	0.34
12	0.34
12	0.34
12	0.34
12	0.34
12	0.33
12	0.34
12	0.34
12	0.34
12	0.34
12	0.33
12	0.34
12	0.34
12	0.34
12	0.34
12	0.34
12	0.34
12	0.34
12	0.34
12	0.33
12	0.34
12	0.34
12	0.34
12	0.34
12	0.34
12	0.34
12	0.34
12	0.33
12	0.33
12	0.35
12	0.34
12	0.33
12	0.34
12	0.34
12	0.34
12	0.34
12	0.34
12	0.34
12	0.36
12	0.39
12	0.35
12	0.34
12	0.34
12	0.34
12	0.34
12	0.36
12	0.36
12	0.34
12	0.34
12	0.34
13	0.32
13	0.32
13	0.31
13	0.31
13	0.32
13	0.32
13	0.31
13	0.31
13	0.32
13	0.31
13	0.31
13	0.31
13	0.31
13	0.31
13	0.31
13	0.31
13	0.31
13	0.31
13	0.31
13	0.31
13	0.31
13	0.31
13	0.32
13	0.31
13	0.31
13	0.33
13	0.31
13	0.31
13	0.31
13	0.31
13	0.32
13	0.31
13	0.31
13	0.32
13	0.32
13	0.31
13	0.31
13	0.31
13	0.31
13	0.31
13	0.31
13	0.31
13	0.32
13	0.31
13	0.31
13	0.31
13	0.31
13	0.31
13	0.31
13	0.31
13	0.31
13	0.32
13	0.31
13	0.31
13	0.31
13	0.31
13	0.31
13	0.31
13	0.32
13	0.31
13	0.31
13	0.32
13	0.31
13	0.32
13	0.31
13	0.31
13	0.31
13	0.31
13	0.31
13	0.31
13	0.31
13	0.32
13	0.31
13	0.31
13	0.31
13	0.31
13	0.31
13	0.31
13	0.31
13	0.31
13	0.32
13	0.31
13	0.31
13	0.31
13	0.31
13	0.31
13	0.31
13	0.31
13	0.31
13	0.31
13	0.31
13	0.31
13	0.31
13	0.31
13	0.31
13	0.31
13	0.31
13	0.31
13	0.32
13	0.31
14	0.29
14	0.29
14	0.29
14	0.29
14	0.29
14	0.29
14	0.29
14	0.29
14	0.29
14	0.29
14	0.29
14	0.29
14	0.29
14	0.29
14	0.29
14	0.29
14	0.30
14	0.30
14	0.30
14	0.29
14	0.29
14	0.29
14	0.29
14	0.29
14	0.29
14	0.29
14	0.29
14	0.29
14	0.29
14	0.29
14	0.29
14	0.29
14	0.29
14	0.29
14	0.29
14	0.29
14	0.29
14	0.29
14	0.29
14	0.29
14	0.29
14	0.29
14	0.29
14	0.29
14	0.30
14	0.29
14	0.29
14	0.29
14	0.30
14	0.29
14	0.29
14	0.30
14	0.30
14	0.29
14	0.29
14	0.29
14	0.29
14	0.29
14	0.29
14	0.29
14	0.29
14	0.29
14	0.29
14	0.29
14	0.29
14	0.29
14	0.29
14	0.29
14	0.30
14	0.29
14	0.29
14	0.29
14	0.29
14	0.29
14	0.29
14	0.29
14	0.29
14	0.29
14	0.30
14	0.29
14	0.29
14	0.29
14	0.29
14	0.29
14	0.29
14	0.29
14	0.29
14	0.29
14	0.29
14	0.29
14	0.29
14	0.29
14	0.29
14	0.29
14	0.29
14	0.31
14	0.29
14	0.29
14	0.29
14	0.29
15	0.27
15	0.27
15	0.27
15	0.27
15	0.27
15	0.27
15	0.27
15	0.27
15	0.27
15	0.27
15	0.27
15	0.27
15	0.27
15	0.27
15	0.27
15	0.27
15	0.27
15	0.27
15	0.27
15	0.27
15	0.27
15	0.27
15	0.27
15	0.27
15	0.27
15	0.27
15	0.27
15	0.27
15	0.27
15	0.27
15	0.27
15	0.27
15	0.27
15	0.27
15	0.27
15	0.27
15	0.27
15	0.27
15	0.27
15	0.27
15	0.27
15	0.27
15	0.27
15	0.27
15	0.27
15	0.27
15	0.27
15	0.27
15	0.27
15	0.27
15	0.27
15	0.27
15	0.27
15	0.27
15	0.27
15	0.27
15	0.27
15	0.27
15	0.27
15	0.27
15	0.27
15	0.27
15	0.27
15	0.27
15	0.27
15	0.27
15	0.27
15	0.27
15	0.27
15	0.27
15	0.27
15	0.27
15	0.27
15	0.27
15	0.27
15	0.27
15	0.27
15	0.27
15	0.27
15	0.27
15	0.27
15	0.27
15	0.27
15	0.27
15	0.27
15	0.27
15	0.27
15	0.27
15	0.27
15	0.27
15	0.27
15	0.27
15	0.27
15	0.27
15	0.27
15	0.28
15	0.27
15	0.27
15	0.27
15	0.27
16	0.26
16	0.26
16	0.26
16	0.26
16	0.25
16	0.25
16	0.26
16	0.25
16	0.25
16	0.25
16	0.25
16	0.25
16	0.25
16	0.25
16	0.25
16	0.25
16	0.25
16	0.25
16	0.25
16	0.25
16	0.25
16	0.25
16	0.25
16	0.25
16	0.25
16	0.25
16	0.25
16	0.25
16	0.25
16	0.25
16	0.25
16	0.25
16	0.25
16	0.26
16	0.25
16	0.25
16	0.25
16	0.25
16	0.25
16	0.25
16	0.25
16	0.25
16	0.25
16	0.25
16	0.25
16	0.25
16	0.25
16	0.25
16	0.25
16	0.26
16	0.25
16	0.25
16	0.25
16	0.25
16	0.25
16	0.25
16	0.25
16	0.25
16	0.25
16	0.25
16	0.25
16	0.25
16	0.25
16	0.25
16	0.25
16	0.25
16	0.25
16	0.25
16	0.25
16	0.25
16	0.25
16	0.25
16	0.25
16	0.25
16	0.25
16	0.26
16	0.25
16	0.26
16	0.25
16	0.25
16	0.26
16	0.26
16	0.25
16	0.25
16	0.25
16	0.25
16	0.25
16	0.26
16	0.25
16	0.26
16	0.26
16	0.25
16	0.25
16	0.25
16	0.25
16	0.25
16	0.26
16	0.26
16	0.25
16	0.25
17	0.26
17	0.27
17	0.24
17	0.23
17	0.23
17	0.23
17	0.23
17	0.23
17	0.23
17	0.23
17	0.23
17	0.24
17	0.23
17	0.23
17	0.23
17	0.23
17	0.23
17	0.23
17	0.23
17	0.23
17	0.23
17	0.23
17	0.24
17	0.24
17	0.23
17	0.23
17	0.23
17	0.23
17	0.23
17	0.23
17	0.23
17	0.23
17	0.23
17	0.23
17	0.23
17	0.23
17	0.23
17	0.23
17	0.23
17	0.23
17	0.23
17	0.23
17	0.23
17	0.23
17	0.23
17	0.23
17	0.23
17	0.24
17	0.23
17	0.23
17	0.23
17	0.23
17	0.24
17	0.23
17	0.24
17	0.24
17	0.23
17	0.23
17	0.24
17	0.23
17	0.24
17	0.26
17	0.26
17	0.25
17	0.24
17	0.24
17	0.24
17	0.23
17	0.24
17	0.24
17	0.24
17	0.24
17	0.24
17	0.24
17	0.24
17	0.24
17	0.23
17	0.24
17	0.23
17	0.23
17	0.23
17	0.23
17	0.23
17	0.23
17	0.24
17	0.23
17	0.23
17	0.24
17	0.25
17	0.24
17	0.24
17	0.23
17	0.23
17	0.23
17	0.23
17	0.23
17	0.23
17	0.23
17	0.23
17	0.24
18	0.23
18	0.23
18	0.23
18	0.23
18	0.22
18	0.22
18	0.22
18	0.22
18	0.22
18	0.24
18	0.22
18	0.22
18	0.23
18	0.21
18	0.22
18	0.22
18	0.21
18	0.21
18	0.21
18	0.22
18	0.22
18	0.22
18	0.22
18	0.22
18	0.21
18	0.21
18	0.21
18	0.21
18	0.21
18	0.21
18	0.22
18	0.22
18	0.22
18	0.22
18	0.22
18	0.22
18	0.22
18	0.22
18	0.22
18	0.22
18	0.21
18	0.22
18	0.22
18	0.21
18	0.22
18	0.21
18	0.21
18	0.23
18	0.23
18	0.23
18	0.23
18	0.22
18	0.21
18	0.21
18	0.21
18	0.22
18	0.22
18	0.22
18	0.21
18	0.21
18	0.22
18	0.22
18	0.22
18	0.22
18	0.22
18	0.24
18	0.23
18	0.24
18	0.23
18	0.23
18	0.23
18	0.22
18	0.22
18	0.22
18	0.23
18	0.23
18	0.23
18	0.23
18	0.22
18	0.23
18	0.24
18	0.23
18	0.23
18	0.23
18	0.23
18	0.22
18	0.23
18	0.23
18	0.24
18	0.23
18	0.23
18	0.23
18	0.23
18	0.23
18	0.23
18	0.23
18	0.23
18	0.24
18	0.23
18	0.23
19	0.21
19	0.21
19	0.21
19	0.20
19	0.20
19	0.20
19	0.21
19	0.20
19	0.20
19	0.20
19	0.20
19	0.20
19	0.21
19	0.21
19	0.21
19	0.21
19	0.21
19	0.20
19	0.21
19	0.20
19	0.20
19	0.20
19	0.20
19	0.20
19	0.21
19	0.21
19	0.21
19	0.23
19	0.21
19	0.21
19	0.20
19	0.20
19	0.20
19	0.20
19	0.20
19	0.20
19	0.20
19	0.20
19	0.20
19	0.20
19	0.20
19	0.20
19	0.20
19	0.20
19	0.20
19	0.20
19	0.20
19	0.20
19	0.20
19	0.20
19	0.20
19	0.20
19	0.20
19	0.20
19	0.20
19	0.20
19	0.20
19	0.20
19	0.20
19	0.20
19	0.20
19	0.20
19	0.20
19	0.20
19	0.20
19	0.20
19	0.20
19	0.20
19	0.20
19	0.20
19	0.20
19	0.20
19	0.20
19	0.20
19	0.20
19	0.20
19	0.20
19	0.20
19	0.20
19	0.20
19	0.20
19	0.20
19	0.20
19	0.20
19	0.20
19	0.20
19	0.20
19	0.20
19	0.20
19	0.20
19	0.20
19	0.20
19	0.20
19	0.20
19	0.20
19	0.20
19	0.20
19	0.20
19	0.20
19	0.20
20	0.19
20	0.19
20	0.19
20	0.20
20	0.20
20	0.19
20	0.19
20	0.19
20	0.20
20	0.20
20	0.20
20	0.19
20	0.19
20	0.19
20	0.19
20	0.18
20	0.18
20	0.18
20	0.19
20	0.18
20	0.18
20	0.18
20	0.18
20	0.18
20	0.18
20	0.18
20	0.18
20	0.18
20	0.19
20	0.18
20	0.19
20	0.18
20	0.19
20	0.19
20	0.19
20	0.19
20	0.19
20	0.18
20	0.18
20	0.18
20	0.19
20	0.19
20	0.18
20	0.18
20	0.18
20	0.19
20	0.18
20	0.18
20	0.18
20	0.18
20	0.18
20	0.18
20	0.19
20	0.18
20	0.19
20	0.19
20	0.19
20	0.18
20	0.19
20	0.18
20	0.19
20	0.19
20	0.18
20	0.18
20	0.18
20	0.18
20	0.19
20	0.19
20	0.18
20	0.19
20	0.19
20	0.18
20	0.19
20	0.19
20	0.19
20	0.19
20	0.19
20	0.19
20	0.18
20	0.18
20	0.18
20	0.18
20	0.19
20	0.18
20	0.18
20	0.18
20	0.18
20	0.18
20	0.18
20	0.19
20	0.19
20	0.19
20	0.19
20	0.18
20	0.19
20	0.19
20	0.18
20	0.19
20	0.19
20	0.18
21	0.17
21	0.17
21	0.17
21	0.17
21	0.17
21	0.17
21	0.17
21	0.18
21	0.17
21	0.17
21	0.17
21	0.17
21	0.17
21	0.17
21	0.17
21	0.17
21	0.17
21	0.17
21	0.17
21	0.17
21	0.17
21	0.17
21	0.17
21	0.17
21	0.18
21	0.17
21	0.17
21	0.17
21	0.17
21	0.17
21	0.17
21	0.17
21	0.17
21	0.17
21	0.17
21	0.18
21	0.18
21	0.18
21	0.18
21	0.18
21	0.18
21	0.17
21	0.17
21	0.17
21	0.17
21	0.17
21	0.18
21	0.17
21	0.17
21	0.17
21	0.17
21	0.18
21	0.17
21	0.18
21	0.17
21	0.18
21	0.17
21	0.17
21	0.17
21	0.17
21	0.17
21	0.17
21	0.17
21	0.18
21	0.17
21	0.17
21	0.17
21	0.17
21	0.17
21	0.18
21	0.17
21	0.17
21	0.18
21	0.18
21	0.17
21	0.17
21	0.17
21	0.17
21	0.17
21	0.17
21	0.17
21	0.17
21	0.17
21	0.17
21	0.17
21	0.17
21	0.17
21	0.17
21	0.17
21	0.17
21	0.18
21	0.17
21	0.17
21	0.18
21	0.18
21	0.18
21	0.18
21	0.17
21	0.17
21	0.18
22	0.16
22	0.17
22	0.17
22	0.17
22	0.16
22	0.17
22	0.17
22	0.17
22	0.17
22	0.17
22	0.17
22	0.16
22	0.17
22	0.17
22	0.17
22	0.17
22	0.16
22	0.16
22	0.16
22	0.16
22	0.16
22	0.16
22	0.17
22	0.17
22	0.18
22	0.18
22	0.16
22	0.16
22	0.16
22	0.16
22	0.16
22	0.16
22	0.16
22	0.16
22	0.16
22	0.16
22	0.16
22	0.16
22	0.16
22	0.16
22	0.16
22	0.16
22	0.16
22	0.16
22	0.16
22	0.16
22	0.16
22	0.16
22	0.16
22	0.16
22	0.16
22	0.16
22	0.16
22	0.16
22	0.16
22	0.16
22	0.16
22	0.16
22	0.16
22	0.17
22	0.16
22	0.16
22	0.16
22	0.16
22	0.16
22	0.16
22	0.16
22	0.16
22	0.16
22	0.16
22	0.16
22	0.16
22	0.17
22	0.16
22	0.16
22	0.16
22	0.16
22	0.16
22	0.16
22	0.16
22	0.16
22	0.16
22	0.16
22	0.16
22	0.16
22	0.16
22	0.16
22	0.16
22	0.16
22	0.16
22	0.16
22	0.16
22	0.16
22	0.16
22	0.17
22	0.16
22	0.16
22	0.16
22	0.16
22	0.16
23	0.16
23	0.16
23	0.16
23	0.16
23	0.16
23	0.16
23	0.15
23	0.15
23	0.15
23	0.15
23	0.15
23	0.15
23	0.15
23	0.15
23	0.15
23	0.15
23	0.15
23	0.15
23	0.15
23	0.15
23	0.15
23	0.15
23	0.15
23	0.15
23	0.15
23	0.15
23	0.15
23	0.15
23	0.15
23	0.15
23	0.15
23	0.15
23	0.15
23	0.15
23	0.15
23	0.15
23	0.15
23	0.15
23	0.15
23	0.15
23	0.15
23	0.15
23	0.15
23	0.15
23	0.15
23	0.15
23	0.15
23	0.15
23	0.15
23	0.15
23	0.15
23	0.16
23	0.15
23	0.15
23	0.15
23	0.15
23	0.15
23	0.15
23	0.15
23	0.15
23	0.15
23	0.15
23	0.15
23	0.15
23	0.15
23	0.15
23	0.15
23	0.15
23	0.15
23	0.15
23	0.15
23	0.15
23	0.15
23	0.15
23	0.15
23	0.15
23	0.15
23	0.15
23	0.15
23	0.15
23	0.15
23	0.15
23	0.15
23	0.15
23	0.16
23	0.15
23	0.15
23	0.16
23	0.15
23	0.15
23	0.15
23	0.15
23	0.15
23	0.15
23	0.15
23	0.15
23	0.15
23	0.15
23	0.15
23	0.15
24	0.14
24	0.14
24	0.14
24	0.14
24	0.14
24	0.14
24	0.14
24	0.15
24	0.14
24	0.15
24	0.14
24	0.14
24	0.14
24	0.15
24	0.14
24	0.14
24	0.15
24	0.14
24	0.14
24	0.14
24	0.14
24	0.14
24	0.14
24	0.14
24	0.14
24	0.15
24	0.14
24	0.14
24	0.14
24	0.14
24	0.14
24	0.14
24	0.14
24	0.14
24	0.14
24	0.14
24	0.14
24	0.14
24	0.14
24	0.14
24	0.14
24	0.14
24	0.14
24	0.14
24	0.14
24	0.15
24	0.15
24	0.14
24	0.15
24	0.14
24	0.14
24	0.15
24	0.15
24	0.14
24	0.15
24	0.15
24	0.14
24	0.14
24	0.15
24	0.15
24	0.15
24	0.14
24	0.15
24	0.15
24	0.15
24	0.15
24	0.15
24	0.15
24	0.14
24	0.15
24	0.14
24	0.14
24	0.14
24	0.15
24	0.16
24	0.15
24	0.14
24	0.14
24	0.15
24	0.14
24	0.14
24	0.14
24	0.14
24	0.15
24	0.15
24	0.14
24	0.14
24	0.14
24	0.14
24	0.14
24	0.14
24	0.14
24	0.15
24	0.14
24	0.14
24	0.14
24	0.14
24	0.14
24	0.14
24	0.14
25	0.14
25	0.14
25	0.14
25	0.14
25	0.14
25	0.14
25	0.14
25	0.14
25	0.13
25	0.13
25	0.14
25	0.14
25	0.14
25	0.14
25	0.14
25	0.14
25	0.14
25	0.14
25	0.14
25	0.14
25	0.14
25	0.13
25	0.14
25	0.14
25	0.14
25	0.14
25	0.14
25	0.14
25	0.14
25	0.14
25	0.14
25	0.14
25	0.14
25	0.14
25	0.14
25	0.14
25	0.14
25	0.14
25	0.14
25	0.14
25	0.14
25	0.14
25	0.14
25	0.14
25	0.14
25	0.14
25	0.14
25	0.14
25	0.14
25	0.14
25	0.14
25	0.14
25	0.14
25	0.14
25	0.14
25	0.14
25	0.14
25	0.14
25	0.14
25	0.14
25	0.14
25	0.14
25	0.14
25	0.14
25	0.14
25	0.14
25	0.14
25	0.14
25	0.14
25	0.14
25	0.14
25	0.14
25	0.14
25	0.14
25	0.14
25	0.14
25	0.14
25	0.14
25	0.14
25	0.14
25	0.14
25	0.14
25	0.14
25	0.14
25	0.14
25	0.14
25	0.14
25	0.14
25	0.14
25	0.14
25	0.14
25	0.14
25	0.14
25	0.14
25	0.14
25	0.14
25	0.14
25	0.14
25	0.14
25	0.14
26	0.13
26	0.13
26	0.13
26	0.13
26	0.14
26	0.14
26	0.14
26	0.14
26	0.13
26	0.13
26	0.13
26	0.13
26	0.13
26	0.13
26	0.13
26	0.13
26	0.13
26	0.13
26	0.13
26	0.13
26	0.13
26	0.13
26	0.13
26	0.13
26	0.13
26	0.13
26	0.13
26	0.13
26	0.13
26	0.14
26	0.14
26	0.13
26	0.13
26	0.13
26	0.13
26	0.13
26	0.13
26	0.13
26	0.13
26	0.13
26	0.13
26	0.13
26	0.13
26	0.13
26	0.13
26	0.13
26	0.13
26	0.13
26	0.13
26	0.13
26	0.13
26	0.14
26	0.13
26	0.13
26	0.13
26	0.13
26	0.13
26	0.13
26	0.13
26	0.13
26	0.13
26	0.13
26	0.13
26	0.13
26	0.13
26	0.13
26	0.14
26	0.14
26	0.13
26	0.13
26	0.13
26	0.13
26	0.14
26	0.13
26	0.13
26	0.13
26	0.13
26	0.14
26	0.14
26	0.13
26	0.13
26	0.13
26	0.13
26	0.13
26	0.13
26	0.13
26	0.13
26	0.13
26	0.13
26	0.13
26	0.13
26	0.13
26	0.13
26	0.13
26	0.13
26	0.13
26	0.13
26	0.13
26	0.13
26	0.13
27	0.12
27	0.12
27	0.12
27	0.12
27	0.13
27	0.13
27	0.13
27	0.13
27	0.13
27	0.13
27	0.13
27	0.13
27	0.13
27	0.13
27	0.13
27	0.13
27	0.13
27	0.13
27	0.13
27	0.13
27	0.13
27	0.13
27	0.13
27	0.13
27	0.13
27	0.13
27	0.13
27	0.12
27	0.12
27	0.12
27	0.13
27	0.13
27	0.12
27	0.13
27	0.13
27	0.13
27	0.12
27	0.13
27	0.14
27	0.13
27	0.13
27	0.13
27	0.13
27	0.13
27	0.13
27	0.12
27	0.12
27	0.13
27	0.13
27	0.13
27	0.13
27	0.13
27	0.12
27	0.13
27	0.13
27	0.13
27	0.13
27	0.12
27	0.13
27	0.13
27	0.13
27	0.12
27	0.12
27	0.12
27	0.12
27	0.13
27	0.12
27	0.12
27	0.12
27	0.12
27	0.12
27	0.12
27	0.12
27	0.12
27	0.12
27	0.13
27	0.13
27	0.13
27	0.12
27	0.12
27	0.12
27	0.12
27	0.13
27	0.12
27	0.12
27	0.12
27	0.12
27	0.13
27	0.13
27	0.13
27	0.12
27	0.13
27	0.12
27	0.12
27	0.12
27	0.12
27	0.12
27	0.12
27	0.13
27	0.12
28	0.12
28	0.12
28	0.12
28	0.12
28	0.12
28	0.13
28	0.12
28	0.12
28	0.12
28	0.12
28	0.12
28	0.12
28	0.13
28	0.12
28	0.12
28	0.14
28	0.13
28	0.14
28	0.13
28	0.13
28	0.13
28	0.14
28	0.13
28	0.13
28	0.13
28	0.13
28	0.14
28	0.14
28	0.14
28	0.13
28	0.13
28	0.13
28	0.12
28	0.12
28	0.12
28	0.12
28	0.12
28	0.12
28	0.12
28	0.12
28	0.12
28	0.12
28	0.12
28	0.12
28	0.12
28	0.12
28	0.12
28	0.12
28	0.12
28	0.12
28	0.12
28	0.12
28	0.12
28	0.12
28	0.12
28	0.14
28	0.13
28	0.12
28	0.12
28	0.12
28	0.13
28	0.13
28	0.12
28	0.13
28	0.12
28	0.12
28	0.12
28	0.12
28	0.12
28	0.12
28	0.13
28	0.13
28	0.13
28	0.12
28	0.12
28	0.13
28	0.13
28	0.14
28	0.14
28	0.13
28	0.13
28	0.13
28	0.13
28	0.13
28	0.12
28	0.12
28	0.12
28	0.12
28	0.12
28	0.12
28	0.12
28	0.12
28	0.12
28	0.12
28	0.12
28	0.12
28	0.12
28	0.12
28	0.12
28	0.12
29	0.12
29	0.12
29	0.12
29	0.12
29	0.12
29	0.12
29	0.12
29	0.11
29	0.12
29	0.12
29	0.12
29	0.11
29	0.12
29	0.12
29	0.12
29	0.12
29	0.12
29	0.12
29	0.12
29	0.12
29	0.12
29	0.12
29	0.12
29	0.12
29	0.12
29	0.12
29	0.12
29	0.12
29	0.12
29	0.12
29	0.12
29	0.12
29	0.12
29	0.12
29	0.13
29	0.12
29	0.12
29	0.12
29	0.11
29	0.12
29	0.12
29	0.12
29	0.12
29	0.12
29	0.12
29	0.12
29	0.12
29	0.12
29	0.12
29	0.12
29	0.12
29	0.12
29	0.12
29	0.13
29	0.13
29	0.13
29	0.13
29	0.12
29	0.13
29	0.12
29	0.13
29	0.12
29	0.12
29	0.12
29	0.12
29	0.12
29	0.12
29	0.12
29	0.12
29	0.12
29	0.12
29	0.12
29	0.12
29	0.13
29	0.12
29	0.12
29	0.12
29	0.12
29	0.12
29	0.12
29	0.11
29	0.12
29	0.12
29	0.12
29	0.12
29	0.12
29	0.11
29	0.12
29	0.12
29	0.12
29	0.12
29	0.12
29	0.12
29	0.12
29	0.11
29	0.12
29	0.12
29	0.12
29	0.12
29	0.12
30	0.12
30	0.12
30	0.12
30	0.12
30	0.12
30	0.12
30	0.12
30	0.12
30	0.11
30	0.11
30	0.11
30	0.11
30	0.11
30	0.11
30	0.11
30	0.11
30	0.11
30	0.11
30	0.11
30	0.11
30	0.11
30	0.11
30	0.11
30	0.11
30	0.11
30	0.11
30	0.11
30	0.11
30	0.11
30	0.11
30	0.11
30	0.11
30	0.11
30	0.11
30	0.11
30	0.12
30	0.11
30	0.11
30	0.11
30	0.11
30	0.11
30	0.11
30	0.11
30	0.11
30	0.11
30	0.11
30	0.11
30	0.11
30	0.11
30	0.11
30	0.11
30	0.12
30	0.11
30	0.11
30	0.11
30	0.11
30	0.11
30	0.11
30	0.11
30	0.11
30	0.12
30	0.11
30	0.11
30	0.11
30	0.11
30	0.11
30	0.11
30	0.11
30	0.11
30	0.11
30	0.11
30	0.11
30	0.11
30	0.11
30	0.11
30	0.11
30	0.11
30	0.11
30	0.11
30	0.11
30	0.11
30	0.11
30	0.11
30	0.11
30	0.11
30	0.11
30	0.11
30	0.11
30	0.11
30	0.11
30	0.11
30	0.11
30	0.11
30	0.11
30	0.11
30	0.11
30	0.11
30	0.11
30	0.11
30	0.11
31	0.11
31	0.11
31	0.11
31	0.11
31	0.11
31	0.11
31	0.11
31	0.11
31	0.11
31	0.11
31	0.11
31	0.11
31	0.11
31	0.11
31	0.11
31	0.11
31	0.11
31	0.11
31	0.11
31	0.11
31	0.11
31	0.11
31	0.11
31	0.11
31	0.11
31	0.11
31	0.11
31	0.11
31	0.11
31	0.11
31	0.11
31	0.11
31	0.11
31	0.11
31	0.11
31	0.11
31	0.11
31	0.11
31	0.11
31	0.11
31	0.11
31	0.11
31	0.11
31	0.11
31	0.11
31	0.11
31	0.11
31	0.11
31	0.11
31	0.11
31	0.11
31	0.11
31	0.11
31	0.11
31	0.11
31	0.11
31	0.11
31	0.11
31	0.11
31	0.11
31	0.11
31	0.11
31	0.11
31	0.11
31	0.11
31	0.11
31	0.11
31	0.11
31	0.11
31	0.11
31	0.11
31	0.11
31	0.11
31	0.11
31	0.11
31	0.11
31	0.11
31	0.11
31	0.11
31	0.11
31	0.11
31	0.11
31	0.11
31	0.11
31	0.11
31	0.11
31	0.11
31	0.11
31	0.11
31	0.11
31	0.11
31	0.11
31	0.11
31	0.11
31	0.11
31	0.11
31	0.11
31	0.11
31	0.11
31	0.11
32	0.11
32	0.11
32	0.11
32	0.11
32	0.11
32	0.11
32	0.11
32	0.11
32	0.11
32	0.11
32	0.11
32	0.11
32	0.11
32	0.11
32	0.11
32	0.11
32	0.11
32	0.11
32	0.11
32	0.11
32	0.11
32	0.11
32	0.11
32	0.11
32	0.11
32	0.11
32	0.11
32	0.11
32	0.11
32	0.11
32	0.11
32	0.11
32	0.11
32	0.11
32	0.11
32	0.11
32	0.11
32	0.11
32	0.11
32	0.11
32	0.11
32	0.11
32	0.11
32	0.11
32	0.11
32	0.11
32	0.11
32	0.11
32	0.11
32	0.11
32	0.11
32	0.11
32	0.11
32	0.11
32	0.11
32	0.11
32	0.11
32	0.11
32	0.11
32	0.11
32	0.11
32	0.11
32	0.11
32	0.11
32	0.11
32	0.11
32	0.11
32	0.11
32	0.11
32	0.11
32	0.11
32	0.11
32	0.11
32	0.11
32	0.11
32	0.11
32	0.11
32	0.11
32	0.11
32	0.11
32	0.11
32	0.11
32	0.11
32	0.11
32	0.11
32	0.11
32	0.11
32	0.11
32	0.11
32	0.11
32	0.11
32	0.11
32	0.11
32	0.11
32	0.11
32	0.11
32	0.11
32	0.11
32	0.11
32	0.11
33	0.10
33	0.10
33	0.10
33	0.10
33	0.10
33	0.10
33	0.10
33	0.10
33	0.10
33	0.10
33	0.11
33	0.11
33	0.10
33	0.10
33	0.10
33	0.10
33	0.10
33	0.11
33	0.10
33	0.10
33	0.10
33	0.10
33	0.10
33	0.10
33	0.10
33	0.10
33	0.10
33	0.11
33	0.10
33	0.10
33	0.10
33	0.10
33	0.11
33	0.10
33	0.11
33	0.11
33	0.11
33	0.11
33	0.11
33	0.11
33	0.11
33	0.11
33	0.11
33	0.11
33	0.12
33	0.11
33	0.11
33	0.11
33	0.11
33	0.11
33	0.11
33	0.11
33	0.11
33	0.11
33	0.11
33	0.11
33	0.11
33	0.11
33	0.11
33	0.11
33	0.11
33	0.11
33	0.11
33	0.11
33	0.11
33	0.12
33	0.11
33	0.11
33	0.12
33	0.12
33	0.11
33	0.12
33	0.11
33	0.11
33	0.11
33	0.12
33	0.11
33	0.12
33	0.11
33	0.11
33	0.11
33	0.11
33	0.11
33	0.12
33	0.11
33	0.11
33	0.11
33	0.11
33	0.11
33	0.11
33	0.12
33	0.12
33	0.11
33	0.11
33	0.11
33	0.12
33	0.12
33	0.11
33	0.11
33	0.11
34	0.10
34	0.10
34	0.10
34	0.10
34	0.10
34	0.11
34	0.11
34	0.11
34	0.10
34	0.10
34	0.10
34	0.11
34	0.10
34	0.11
34	0.10
34	0.10
34	0.10
34	0.10
34	0.10
34	0.10
34	0.10
34	0.10
34	0.10
34	0.10
34	0.10
34	0.11
34	0.11
34	0.10
34	0.11
34	0.11
34	0.10
34	0.10
34	0.11
34	0.11
34	0.11
34	0.11
34	0.11
34	0.11
34	0.11
34	0.11
34	0.11
34	0.11
34	0.11
34	0.11
34	0.11
34	0.11
34	0.11
34	0.11
34	0.11
34	0.11
34	0.11
34	0.11
34	0.10
34	0.11
34	0.11
34	0.10
34	0.11
34	0.11
34	0.11
34	0.11
34	0.11
34	0.11
34	0.11
34	0.10
34	0.10
34	0.10
34	0.10
34	0.10
34	0.10
34	0.10
34	0.11
34	0.10
34	0.10
34	0.12
34	0.11
34	0.11
34	0.11
34	0.11
34	0.11
34	0.11
34	0.11
34	0.11
34	0.11
34	0.11
34	0.11
34	0.11
34	0.11
34	0.11
34	0.11
34	0.12
34	0.12
34	0.11
34	0.11
34	0.11
34	0.11
34	0.11
34	0.11
34	0.11
34	0.11
34	0.11
35	0.10
35	0.11
35	0.10
35	0.11
35	0.11
35	0.10
35	0.10
35	0.11
35	0.10
35	0.11
35	0.11
35	0.10
35	0.11
35	0.10
35	0.10
35	0.11
35	0.10
35	0.11
35	0.11
35	0.10
35	0.10
35	0.10
35	0.11
35	0.10
35	0.10
35	0.11
35	0.10
35	0.10
35	0.10
35	0.10
35	0.11
35	0.11
35	0.11
35	0.10
35	0.10
35	0.10
35	0.10
35	0.10
35	0.10
35	0.10
35	0.10
35	0.10
35	0.10
35	0.10
35	0.10
35	0.10
35	0.10
35	0.10
35	0.10
35	0.10
35	0.10
35	0.10
35	0.10
35	0.10
35	0.10
35	0.10
35	0.10
35	0.10
35	0.10
35	0.10
35	0.10
35	0.10
35	0.10
35	0.10
35	0.10
35	0.10
35	0.10
35	0.10
35	0.10
35	0.10
35	0.10
35	0.10
35	0.10
35	0.10
35	0.10
35	0.10
35	0.10
35	0.10
35	0.10
35	0.10
35	0.10
35	0.10
35	0.10
35	0.10
35	0.10
35	0.10
35	0.10
35	0.10
35	0.10
35	0.10
35	0.10
35	0.10
35	0.10
35	0.10
35	0.10
35	0.10
35	0.10
35	0.11
35	0.10
35	0.10
36	0.10
36	0.10
36	0.10
36	0.10
36	0.10
36	0.11
36	0.10
36	0.10
36	0.10
36	0.10
36	0.10
36	0.10
36	0.10
36	0.10
36	0.10
36	0.10
36	0.10
36	0.10
36	0.10
36	0.10
36	0.10
36	0.10
36	0.10
36	0.10
36	0.10
36	0.10
36	0.10
36	0.10
36	0.10
36	0.10
36	0.10
36	0.11
36	0.10
36	0.10
36	0.10
36	0.10
36	0.10
36	0.10
36	0.10
36	0.10
36	0.10
36	0.10
36	0.10
36	0.11
36	0.10
36	0.10
36	0.10
36	0.10
36	0.10
36	0.10
36	0.10
36	0.10
36	0.10
36	0.10
36	0.10
36	0.10
36	0.10
36	0.10
36	0.10
36	0.10
36	0.10
36	0.10
36	0.10
36	0.10
36	0.10
36	0.10
36	0.10
36	0.10
36	0.10
36	0.10
36	0.10
36	0.10
36	0.10
36	0.10
36	0.10
36	0.10
36	0.10
36	0.10
36	0.10
36	0.10
36	0.11
36	0.10
36	0.10
36	0.10
36	0.11
36	0.10
36	0.11
36	0.10
36	0.10
36	0.10
36	0.10
36	0.10
36	0.10
36	0.10
36	0.10
36	0.10
36	0.10
36	0.10
36	0.10
36	0.10
37	0.10
37	0.10
37	0.10
37	0.10
37	0.10
37	0.10
37	0.10
37	0.10
37	0.10
37	0.10
37	0.10
37	0.10
37	0.10
37	0.10
37	0.10
37	0.10
37	0.10
37	0.10
37	0.10
37	0.10
37	0.10
37	0.10
37	0.10
37	0.10
37	0.10
37	0.10
37	0.10
37	0.10
37	0.10
37	0.10
37	0.10
37	0.10
37	0.10
37	0.10
37	0.10
37	0.10
37	0.10
37	0.10
37	0.10
37	0.10
37	0.10
37	0.10
37	0.10
37	0.10
37	0.10
37	0.10
37	0.10
37	0.11
37	0.11
37	0.11
37	0.11
37	0.11
37	0.11
37	0.11
37	0.11
37	0.10
37	0.11
37	0.11
37	0.11
37	0.10
37	0.10
37	0.10
37	0.10
37	0.10
37	0.10
37	0.10
37	0.10
37	0.11
37	0.10
37	0.10
37	0.10
37	0.10
37	0.10
37	0.10
37	0.10
37	0.10
37	0.10
37	0.10
37	0.10
37	0.10
37	0.10
37	0.10
37	0.10
37	0.10
37	0.10
37	0.10
37	0.10
37	0.10
37	0.10
37	0.10
37	0.10
37	0.10
37	0.10
37	0.10
37	0.10
37	0.10
37	0.10
37	0.10
37	0.10
37	0.10
38	0.10
38	0.10
38	0.10
38	0.10
38	0.10
38	0.10
38	0.10
38	0.10
38	0.10
38	0.10
38	0.10
38	0.10
38	0.10
38	0.10
38	0.10
38	0.10
38	0.10
38	0.10
38	0.10
38	0.10
38	0.10
38	0.10
38	0.10
38	0.10
38	0.10
38	0.10
38	0.10
38	0.10
38	0.10
38	0.10
38	0.10
38	0.10
38	0.10
38	0.10
38	0.10
38	0.10
38	0.10
38	0.10
38	0.10
38	0.10
38	0.10
38	0.10
38	0.10
38	0.10
38	0.10
38	0.10
38	0.10
38	0.10
38	0.11
38	0.11
38	0.10
38	0.10
38	0.10
38	0.10
38	0.10
38	0.10
38	0.10
38	0.10
38	0.10
38	0.10
38	0.10
38	0.10
38	0.10
38	0.10
38	0.10
38	0.10
38	0.10
38	0.10
38	0.10
38	0.10
38	0.10
38	0.10
38	0.10
38	0.10
38	0.10
38	0.10
38	0.10
38	0.10
38	0.10
38	0.10
38	0.10
38	0.10
38	0.10
38	0.10
38	0.10
38	0.10
38	0.11
38	0.10
38	0.10
38	0.10
38	0.10
38	0.10
38	0.10
38	0.10
38	0.10
38	0.10
38	0.10
38	0.10
38	0.10
38	0.10
39	0.10
39	0.10
39	0.10
39	0.10
39	0.10
39	0.11
39	0.10
39	0.10
39	0.10
39	0.11
39	0.10
39	0.10
39	0.10
39	0.10
39	0.10
39	0.10
39	0.10
39	0.10
39	0.10
39	0.10
39	0.10
39	0.10
39	0.10
39	0.10
39	0.10
39	0.10
39	0.10
39	0.10
39	0.10
39	0.10
39	0.10
39	0.10
39	0.10
39	0.10
39	0.10
39	0.10
39	0.10
39	0.10
39	0.10
39	0.10
39	0.10
39	0.10
39	0.10
39	0.10
39	0.10
39	0.10
39	0.10
39	0.10
39	0.10
39	0.10
39	0.10
39	0.10
39	0.10
39	0.10
39	0.10
39	0.10
39	0.10
39	0.10
39	0.10
39	0.10
39	0.10
39	0.10
39	0.10
39	0.10
39	0.10
39	0.10
39	0.11
39	0.10
39	0.10
39	0.10
39	0.10
39	0.11
39	0.11
39	0.11
39	0.11
39	0.11
39	0.11
39	0.11
39	0.10
39	0.11
39	0.11
39	0.11
39	0.11
39	0.10
39	0.11
39	0.10
39	0.10
39	0.10
39	0.10
39	0.10
39	0.10
39	0.10
39	0.10
39	0.10
39	0.10
39	0.10
39	0.10
39	0.10
39	0.10
39	0.10
40	0.10
40	0.10
40	0.10
40	0.10
40	0.10
40	0.10
40	0.10
40	0.10
40	0.10
40	0.10
40	0.10
40	0.10
40	0.10
40	0.10
40	0.10
40	0.10
40	0.10
40	0.10
40	0.10
40	0.10
40	0.10
40	0.10
40	0.10
40	0.10
40	0.10
40	0.10
40	0.10
40	0.10
40	0.10
40	0.10
40	0.10
40	0.10
40	0.10
40	0.10
40	0.10
40	0.10
40	0.10
40	0.10
40	0.10
40	0.10
40	0.10
40	0.10
40	0.10
40	0.10
40	0.10
40	0.10
40	0.10
40	0.10
40	0.10
40	0.10
40	0.10
40	0.10
40	0.10
40	0.10
40	0.10
40	0.10
40	0.10
40	0.10
40	0.10
40	0.10
40	0.10
40	0.10
40	0.10
40	0.10
40	0.10
40	0.10
40	0.10
40	0.10
40	0.10
40	0.10
40	0.10
40	0.10
40	0.10
40	0.10
40	0.10
40	0.10
40	0.10
40	0.10
40	0.10
40	0.10
40	0.10
40	0.10
40	0.10
40	0.11
40	0.10
40	0.10
40	0.10
40	0.10
40	0.10
40	0.10
40	0.10
40	0.10
40	0.10
40	0.10
40	0.10
40	0.10
40	0.10
40	0.10
40	0.10
40	0.10
41	0.11
41	0.11
41	0.10
41	0.10
41	0.10
41	0.10
41	0.10
41	0.10
41	0.10
41	0.10
41	0.10
41	0.10
41	0.10
41	0.10
41	0.10
41	0.10
41	0.10
41	0.10
41	0.10
41	0.10
41	0.10
41	0.10
41	0.10
41	0.10
41	0.10
41	0.11
41	0.10
41	0.10
41	0.10
41	0.11
41	0.10
41	0.10
41	0.10
41	0.10
41	0.10
41	0.10
41	0.10
41	0.10
41	0.10
41	0.10
41	0.10
41	0.10
41	0.10
41	0.10
41	0.10
41	0.10
41	0.10
41	0.10
41	0.10
41	0.10
41	0.10
41	0.10
41	0.10
41	0.10
41	0.10
41	0.10
41	0.10
41	0.10
41	0.10
41	0.11
41	0.10
41	0.10
41	0.10
41	0.10
41	0.10
41	0.10
41	0.10
41	0.10
41	0.10
41	0.10
41	0.10
41	0.10
41	0.10
41	0.10
41	0.10
41	0.10
41	0.10
41	0.10
41	0.11
41	0.10
41	0.10
41	0.11
41	0.11
41	0.11
41	0.10
41	0.10
41	0.10
41	0.10
41	0.10
41	0.10
41	0.10
41	0.10
41	0.10
41	0.10
41	0.10
41	0.10
41	0.10
41	0.10
41	0.10
41	0.10
42	0.10
42	0.10
42	0.10
42	0.10
42	0.11
42	0.10
42	0.10
42	0.10
42	0.10
42	0.10
42	0.10
42	0.10
42	0.10
42	0.10
42	0.10
42	0.10
42	0.10
42	0.10
42	0.10
42	0.10
42	0.10
42	0.10
42	0.10
42	0.10
42	0.10
42	0.10
42	0.10
42	0.10
42	0.10
42	0.10
42	0.10
42	0.10
42	0.10
42	0.10
42	0.10
42	0.10
42	0.10
42	0.10
42	0.10
42	0.10
42	0.10
42	0.10
42	0.10
42	0.10
42	0.10
42	0.10
42	0.10
42	0.10
42	0.10
42	0.10
42	0.10
42	0.10
42	0.11
42	0.11
42	0.11
42	0.11
42	0.11
42	0.11
42	0.11
42	0.10
42	0.11
42	0.11
42	0.11
42	0.11
42	0.11
42	0.11
42	0.10
42	0.10
42	0.10
42	0.10
42	0.10
42	0.10
42	0.10
42	0.10
42	0.10
42	0.10
42	0.10
42	0.10
42	0.10
42	0.10
42	0.10
42	0.10
42	0.11
42	0.11
42	0.10
42	0.10
42	0.10
42	0.10
42	0.10
42	0.10
42	0.11
42	0.10
42	0.10
42	0.10
42	0.10
42	0.10
42	0.10
42	0.10
42	0.10
42	0.10
43	0.10
43	0.10
43	0.10
43	0.10
43	0.10
43	0.10
43	0.10
43	0.10
43	0.10
43	0.10
43	0.10
43	0.10
43	0.10
43	0.10
43	0.10
43	0.10
43	0.10
43	0.10
43	0.10
43	0.10
43	0.10
43	0.10
43	0.10
43	0.10
43	0.10
43	0.10
43	0.10
43	0.10
43	0.10
43	0.10
43	0.10
43	0.10
43	0.10
43	0.10
43	0.10
43	0.10
43	0.10
43	0.10
43	0.10
43	0.10
43	0.10
43	0.10
43	0.10
43	0.10
43	0.10
43	0.10
43	0.10
43	0.10
43	0.10
43	0.10
43	0.10
43	0.10
43	0.10
43	0.10
43	0.10
43	0.10
43	0.10
43	0.10
43	0.10
43	0.10
43	0.10
43	0.10
43	0.10
43	0.10
43	0.10
43	0.10
43	0.10
43	0.10
43	0.10
43	0.10
43	0.10
43	0.10
43	0.10
43	0.10
43	0.10
43	0.10
43	0.10
43	0.10
43	0.10
43	0.10
43	0.10
43	0.10
43	0.10
43	0.10
43	0.10
43	0.10
43	0.10
43	0.10
43	0.10
43	0.10
43	0.10
43	0.10
43	0.10
43	0.10
43	0.10
43	0.10
43	0.10
43	0.10
43	0.10
43	0.10
44	0.10
44	0.10
44	0.10
44	0.10
44	0.10
44	0.10
44	0.10
44	0.10
44	0.10
44	0.10
44	0.10
44	0.10
44	0.10
44	0.10
44	0.10
44	0.10
44	0.10
44	0.10
44	0.10
44	0.10
44	0.10
44	0.10
44	0.10
44	0.11
44	0.10
44	0.10
44	0.10
44	0.10
44	0.10
44	0.10
44	0.10
44	0.11
44	0.11
44	0.11
44	0.10
44	0.10
44	0.10
44	0.10
44	0.10
44	0.10
44	0.10
44	0.10
44	0.10
44	0.10
44	0.10
44	0.10
44	0.10
44	0.10
44	0.10
44	0.10
44	0.10
44	0.10
44	0.10
44	0.10
44	0.10
44	0.10
44	0.10
44	0.10
44	0.10
44	0.10
44	0.10
44	0.10
44	0.10
44	0.10
44	0.10
44	0.10
44	0.10
44	0.10
44	0.10
44	0.10
44	0.10
44	0.10
44	0.10
44	0.10
44	0.10
44	0.10
44	0.10
44	0.10
44	0.10
44	0.10
44	0.10
44	0.10
44	0.10
44	0.11
44	0.11
44	0.11
44	0.10
44	0.11
44	0.11
44	0.11
44	0.11
44	0.11
44	0.11
44	0.10
44	0.11
44	0.10
44	0.10
44	0.10
44	0.10
44	0.10
45	0.11
45	0.11
45	0.10
45	0.10
45	0.10
45	0.10
45	0.10
45	0.10
45	0.10
45	0.10
45	0.10
45	0.10
45	0.10
45	0.10
45	0.11
45	0.11
45	0.10
45	0.10
45	0.10
45	0.10
45	0.10
45	0.10
45	0.10
45	0.10
45	0.10
45	0.10
45	0.10
45	0.10
45	0.10
45	0.10
45	0.10
45	0.10
45	0.10
45	0.10
45	0.10
45	0.10
45	0.10
45	0.10
45	0.10
45	0.10
45	0.10
45	0.11
45	0.11
45	0.10
45	0.10
45	0.10
45	0.10
45	0.11
45	0.11
45	0.11
45	0.11
45	0.10
45	0.11
45	0.11
45	0.11
45	0.11
45	0.10
45	0.11
45	0.11
45	0.10
45	0.10
45	0.10
45	0.11
45	0.10
45	0.10
45	0.10
45	0.10
45	0.10
45	0.10
45	0.10
45	0.10
45	0.10
45	0.10
45	0.10
45	0.11
45	0.12
45	0.11
45	0.11
45	0.10
45	0.10
45	0.10
45	0.10
45	0.10
45	0.10
45	0.10
45	0.10
45	0.10
45	0.11
45	0.10
45	0.10
45	0.10
45	0.10
45	0.10
45	0.10
45	0.10
45	0.10
45	0.10
45	0.10
45	0.10
45	0.10
46	0.10
46	0.11
46	0.11
46	0.11
46	0.11
46	0.10
46	0.10
46	0.11
46	0.10
46	0.10
46	0.10
46	0.10
46	0.10
46	0.10
46	0.10
46	0.10
46	0.10
46	0.10
46	0.10
46	0.10
46	0.10
46	0.10
46	0.10
46	0.10
46	0.10
46	0.10
46	0.10
46	0.10
46	0.10
46	0.10
46	0.10
46	0.10
46	0.10
46	0.10
46	0.10
46	0.10
46	0.10
46	0.10
46	0.10
46	0.10
46	0.10
46	0.10
46	0.10
46	0.10
46	0.10
46	0.11
46	0.10
46	0.10
46	0.10
46	0.10
46	0.10
46	0.10
46	0.10
46	0.10
46	0.10
46	0.10
46	0.10
46	0.10
46	0.10
46	0.10
46	0.10
46	0.10
46	0.10
46	0.10
46	0.10
46	0.10
46	0.10
46	0.10
46	0.10
46	0.11
46	0.10
46	0.10
46	0.11
46	0.10
46	0.10
46	0.10
46	0.10
46	0.10
46	0.10
46	0.10
46	0.10
46	0.10
46	0.10
46	0.10
46	0.10
46	0.10
46	0.10
46	0.10
46	0.11
46	0.10
46	0.10
46	0.10
46	0.10
46	0.10
46	0.10
46	0.10
46	0.10
46	0.10
46	0.10
46	0.10
47	0.10
47	0.10
47	0.10
47	0.10
47	0.10
47	0.10
47	0.11
47	0.11
47	0.11
47	0.10
47	0.10
47	0.10
47	0.10
47	0.10
47	0.10
47	0.10
47	0.10
47	0.10
47	0.10
47	0.10
47	0.11
47	0.10
47	0.10
47	0.10
47	0.10
47	0.10
47	0.10
47	0.10
47	0.10
47	0.10
47	0.10
47	0.10
47	0.10
47	0.10
47	0.10
47	0.10
47	0.10
47	0.10
47	0.10
47	0.10
47	0.10
47	0.10
47	0.10
47	0.10
47	0.10
47	0.10
47	0.10
47	0.11
47	0.10
47	0.10
47	0.10
47	0.10
47	0.10
47	0.10
47	0.10
47	0.10
47	0.10
47	0.10
47	0.10
47	0.10
47	0.10
47	0.10
47	0.10
47	0.10
47	0.10
47	0.10
47	0.10
47	0.10
47	0.10
47	0.10
47	0.10
47	0.10
47	0.10
47	0.11
47	0.10
47	0.11
47	0.10
47	0.10
47	0.10
47	0.10
47	0.10
47	0.10
47	0.10
47	0.10
47	0.10
47	0.10
47	0.10
47	0.10
47	0.10
47	0.10
47	0.10
47	0.10
47	0.10
47	0.10
47	0.10
47	0.10
47	0.10
47	0.10
47	0.10
47	0.10
48	0.10
48	0.10
48	0.10
48	0.10
48	0.10
48	0.10
48	0.10
48	0.10
48	0.10
48	0.10
48	0.10
48	0.10
48	0.10
48	0.10
48	0.10
48	0.10
48	0.10
48	0.10
48	0.10
48	0.10
48	0.10
48	0.10
48	0.10
48	0.10
48	0.10
48	0.10
48	0.10
48	0.10
48	0.10
48	0.10
48	0.10
48	0.10
48	0.10
48	0.10
48	0.10
48	0.10
48	0.10
48	0.10
48	0.10
48	0.10
48	0.10
48	0.10
48	0.10
48	0.10
48	0.10
48	0.10
48	0.10
48	0.10
48	0.10
48	0.10
48	0.10
48	0.10
48	0.10
48	0.10
48	0.10
48	0.11
48	0.10
48	0.10
48	0.10
48	0.10
48	0.10
48	0.10
48	0.10
48	0.10
48	0.10
48	0.10
48	0.11
48	0.11
48	0.11
48	0.10
48	0.10
48	0.10
48	0.11
48	0.10
48	0.10
48	0.10
48	0.10
48	0.10
48	0.10
48	0.10
48	0.10
48	0.10
48	0.10
48	0.10
48	0.10
48	0.10
48	0.10
48	0.10
48	0.10
48	0.10
48	0.10
48	0.10
48	0.10
48	0.10
48	0.10
48	0.10
48	0.10
48	0.10
48	0.10
48	0.10
49	0.10
49	0.10
49	0.10
49	0.10
49	0.10
49	0.10
49	0.10
49	0.10
49	0.10
49	0.10
49	0.10
49	0.10
49	0.10
49	0.10
49	0.10
49	0.10
49	0.10
49	0.10
49	0.10
49	0.10
49	0.10
49	0.10
49	0.10
49	0.10
49	0.10
49	0.10
49	0.10
49	0.10
49	0.10
49	0.10
49	0.10
49	0.10
49	0.10
49	0.10
49	0.10
49	0.10
49	0.10
49	0.10
49	0.10
49	0.10
49	0.10
49	0.10
49	0.10
49	0.10
49	0.10
49	0.10
49	0.10
49	0.10
49	0.10
49	0.10
49	0.10
49	0.10
49	0.10
49	0.10
49	0.10
49	0.10
49	0.10
49	0.10
49	0.10
49	0.10
49	0.10
49	0.10
49	0.10
49	0.10
49	0.10
49	0.10
49	0.10
49	0.10
49	0.10
49	0.10
49	0.10
49	0.10
49	0.10
49	0.10
49	0.10
49	0.10
49	0.10
49	0.10
49	0.10
49	0.10
49	0.10
49	0.10
49	0.10
49	0.10
49	0.10
49	0.10
49	0.10
49	0.10
49	0.10
49	0.10
49	0.10
49	0.10
49	0.10
49	0.10
49	0.10
49	0.10
49	0.10
49	0.10
49	0.10
49	0.10
50	0.10
50	0.10
50	0.10
50	0.10
50	0.10
50	0.10
50	0.10
50	0.10
50	0.10
50	0.10
50	0.10
50	0.10
50	0.10
50	0.10
50	0.10
50	0.10
50	0.10
50	0.10
50	0.10
50	0.10
50	0.10
50	0.10
50	0.10
50	0.10
50	0.10
50	0.10
50	0.10
50	0.10
50	0.10
50	0.10
50	0.10
50	0.10
50	0.10
50	0.10
50	0.10
50	0.10
50	0.10
50	0.10
50	0.10
50	0.10
50	0.10
50	0.10
50	0.10
50	0.10
50	0.10
50	0.10
50	0.10
50	0.10
50	0.10
50	0.10
50	0.10
50	0.10
50	0.10
50	0.10
50	0.10
50	0.10
50	0.10
50	0.10
50	0.10
50	0.10
50	0.10
50	0.10
50	0.10
50	0.10
50	0.10
50	0.10
50	0.10
50	0.10
50	0.10
50	0.10
50	0.10
50	0.10
50	0.10
50	0.10
50	0.10
50	0.10
50	0.10
50	0.10
50	0.10
50	0.10
50	0.10
50	0.10
50	0.10
50	0.10
50	0.10
50	0.10
50	0.10
50	0.10
50	0.10
50	0.10
50	0.10
50	0.10
50	0.10
50	0.10
50	0.10
50	0.10
50	0.10
50	0.10
50	0.10
50	0.10
51	0.10
51	0.11
51	0.11
51	0.11
51	0.11
51	0.11
51	0.11
51	0.11
51	0.11
51	0.10
51	0.10
51	0.10
51	0.10
51	0.10
51	0.10
51	0.10
51	0.10
51	0.10
51	0.10
51	0.10
51	0.10
51	0.10
51	0.10
51	0.10
51	0.10
51	0.10
51	0.10
51	0.10
51	0.10
51	0.10
51	0.10
51	0.10
51	0.11
51	0.11
51	0.11
51	0.10
51	0.10
51	0.10
51	0.10
51	0.10
51	0.10
51	0.10
51	0.10
51	0.10
51	0.10
51	0.10
51	0.10
51	0.10
51	0.10
51	0.10
51	0.10
51	0.10
51	0.10
51	0.10
51	0.10
51	0.10
51	0.10
51	0.10
51	0.10
51	0.10
51	0.10
51	0.10
51	0.10
51	0.10
51	0.10
51	0.10
51	0.10
51	0.10
51	0.10
51	0.10
51	0.10
51	0.10
51	0.10
51	0.10
51	0.10
51	0.10
51	0.10
51	0.10
51	0.10
51	0.10
51	0.10
51	0.10
51	0.10
51	0.10
51	0.10
51	0.10
51	0.10
51	0.10
51	0.10
51	0.10
51	0.10
51	0.10
51	0.10
51	0.10
51	0.10
51	0.10
51	0.10
51	0.10
51	0.10
51	0.11
52	0.10
52	0.10
52	0.10
52	0.10
52	0.10
52	0.10
52	0.11
52	0.10
52	0.10
52	0.10
52	0.10
52	0.10
52	0.10
52	0.10
52	0.10
52	0.10
52	0.10
52	0.10
52	0.10
52	0.10
52	0.10
52	0.10
52	0.10
52	0.10
52	0.10
52	0.10
52	0.10
52	0.10
52	0.10
52	0.10
52	0.10
52	0.10
52	0.10
52	0.10
52	0.10
52	0.10
52	0.10
52	0.10
52	0.10
52	0.11
52	0.10
52	0.10
52	0.10
52	0.10
52	0.10
52	0.10
52	0.10
52	0.10
52	0.10
52	0.10
52	0.10
52	0.10
52	0.10
52	0.10
52	0.10
52	0.11
52	0.10
52	0.10
52	0.10
52	0.11
52	0.11
52	0.11
52	0.11
52	0.10
52	0.10
52	0.10
52	0.10
52	0.10
52	0.10
52	0.10
52	0.10
52	0.10
52	0.10
52	0.10
52	0.10
52	0.10
52	0.10
52	0.10
52	0.10
52	0.10
52	0.10
52	0.10
52	0.10
52	0.10
52	0.10
52	0.10
52	0.10
52	0.10
52	0.10
52	0.10
52	0.10
52	0.10
52	0.10
52	0.10
52	0.10
52	0.10
52	0.10
52	0.10
52	0.11
52	0.11
53	0.11
53	0.11
53	0.11
53	0.11
53	0.11
53	0.11
53	0.11
53	0.11
53	0.11
53	0.11
53	0.11
53	0.10
53	0.11
53	0.11
53	0.11
53	0.11
53	0.11
53	0.12
53	0.10
53	0.11
53	0.10
53	0.10
53	0.10
53	0.10
53	0.10
53	0.10
53	0.10
53	0.10
53	0.10
53	0.10
53	0.10
53	0.10
53	0.10
53	0.10
53	0.10
53	0.11
53	0.11
53	0.10
53	0.10
53	0.10
53	0.10
53	0.10
53	0.10
53	0.10
53	0.10
53	0.10
53	0.10
53	0.10
53	0.10
53	0.10
53	0.10
53	0.10
53	0.10
53	0.10
53	0.10
53	0.10
53	0.10
53	0.10
53	0.10
53	0.10
53	0.10
53	0.10
53	0.10
53	0.10
53	0.10
53	0.10
53	0.10
53	0.10
53	0.10
53	0.10
53	0.10
53	0.10
53	0.10
53	0.10
53	0.10
53	0.10
53	0.10
53	0.10
53	0.10
53	0.10
53	0.10
53	0.10
53	0.10
53	0.10
53	0.10
53	0.10
53	0.10
53	0.10
53	0.10
53	0.10
53	0.10
53	0.10
53	0.10
53	0.10
53	0.10
53	0.10
53	0.10
53	0.10
53	0.10
53	0.10
54	0.10
54	0.10
54	0.10
54	0.10
54	0.11
54	0.10
54	0.10
54	0.10
54	0.10
54	0.10
54	0.10
54	0.10
54	0.10
54	0.10
54	0.10
54	0.10
54	0.10
54	0.10
54	0.11
54	0.10
54	0.10
54	0.10
54	0.10
54	0.10
54	0.10
54	0.10
54	0.10
54	0.10
54	0.11
54	0.10
54	0.10
54	0.10
54	0.10
54	0.10
54	0.10
54	0.10
54	0.10
54	0.10
54	0.10
54	0.10
54	0.10
54	0.10
54	0.10
54	0.10
54	0.10
54	0.11
54	0.10
54	0.11
54	0.10
54	0.10
54	0.10
54	0.10
54	0.10
54	0.11
54	0.10
54	0.10
54	0.10
54	0.10
54	0.10
54	0.10
54	0.10
54	0.11
54	0.11
54	0.11
54	0.10
54	0.10
54	0.10
54	0.10
54	0.10
54	0.10
54	0.10
54	0.10
54	0.11
54	0.10
54	0.10
54	0.11
54	0.10
54	0.10
54	0.10
54	0.10
54	0.10
54	0.10
54	0.10
54	0.10
54	0.10
54	0.10
54	0.11
54	0.11
54	0.10
54	0.10
54	0.10
54	0.10
54	0.10
54	0.10
54	0.11
54	0.10
54	0.10
54	0.10
54	0.10
54	0.10
55	0.11
55	0.11
55	0.11
55	0.11
55	0.11
55	0.11
55	0.11
55	0.11
55	0.10
55	0.10
55	0.11
55	0.11
55	0.11
55	0.11
55	0.11
55	0.11
55	0.11
55	0.10
55	0.10
55	0.11
55	0.10
55	0.10
55	0.10
55	0.10
55	0.10
55	0.10
55	0.10
55	0.10
55	0.10
55	0.10
55	0.10
55	0.10
55	0.11
55	0.10
55	0.10
55	0.10
55	0.10
55	0.10
55	0.10
55	0.10
55	0.10
55	0.10
55	0.10
55	0.10
55	0.10
55	0.10
55	0.10
55	0.10
55	0.10
55	0.11
55	0.10
55	0.10
55	0.10
55	0.10
55	0.10
55	0.10
55	0.10
55	0.10
55	0.11
55	0.10
55	0.10
55	0.10
55	0.10
55	0.11
55	0.10
55	0.10
55	0.10
55	0.11
55	0.11
55	0.10
55	0.11
55	0.10
55	0.10
55	0.10
55	0.10
55	0.10
55	0.10
55	0.10
55	0.10
55	0.10
55	0.10
55	0.10
55	0.10
55	0.10
55	0.10
55	0.10
55	0.10
55	0.10
55	0.10
55	0.10
55	0.10
55	0.10
55	0.10
55	0.10
55	0.10
55	0.10
55	0.10
55	0.10
55	0.10
55	0.10
56	0.11
56	0.11
56	0.11
56	0.11
56	0.11
56	0.11
56	0.11
56	0.11
56	0.11
56	0.10
56	0.10
56	0.10
56	0.10
56	0.10
56	0.10
56	0.10
56	0.10
56	0.10
56	0.10
56	0.10
56	0.10
56	0.10
56	0.10
56	0.11
56	0.11
56	0.11
56	0.11
56	0.10
56	0.11
56	0.10
56	0.10
56	0.11
56	0.10
56	0.10
56	0.10
56	0.11
56	0.11
56	0.10
56	0.10
56	0.10
56	0.11
56	0.11
56	0.11
56	0.11
56	0.11
56	0.10
56	0.11
56	0.10
56	0.10
56	0.10
56	0.10
56	0.10
56	0.11
56	0.11
56	0.11
56	0.10
56	0.10
56	0.10
56	0.11
56	0.11
56	0.11
56	0.11
56	0.10
56	0.10
56	0.10
56	0.11
56	0.11
56	0.11
56	0.11
56	0.11
56	0.11
56	0.11
56	0.10
56	0.10
56	0.11
56	0.11
56	0.11
56	0.11
56	0.11
56	0.11
56	0.11
56	0.10
56	0.11
56	0.10
56	0.10
56	0.11
56	0.11
56	0.11
56	0.11
56	0.11
56	0.10
56	0.10
56	0.11
56	0.10
56	0.10
56	0.10
56	0.10
56	0.10
56	0.11
56	0.10
57	0.11
57	0.10
57	0.11
57	0.12
57	0.12
57	0.12
57	0.11
57	0.11
57	0.11
57	0.11
57	0.12
57	0.11
57	0.11
57	0.12
57	0.12
57	0.11
57	0.11
57	0.10
57	0.10
57	0.11
57	0.10
57	0.10
57	0.11
57	0.11
57	0.10
57	0.11
57	0.11
57	0.11
57	0.10
57	0.10
57	0.11
57	0.11
57	0.11
57	0.11
57	0.10
57	0.11
57	0.11
57	0.11
57	0.11
57	0.11
57	0.11
57	0.11
57	0.10
57	0.11
57	0.11
57	0.11
57	0.11
57	0.10
57	0.10
57	0.11
57	0.11
57	0.11
57	0.10
57	0.10
57	0.10
57	0.10
57	0.11
57	0.11
57	0.11
57	0.11
57	0.10
57	0.10
57	0.10
57	0.10
57	0.10
57	0.10
57	0.10
57	0.10
57	0.10
57	0.10
57	0.10
57	0.10
57	0.10
57	0.10
57	0.10
57	0.10
57	0.10
57	0.10
57	0.10
57	0.10
57	0.10
57	0.10
57	0.10
57	0.10
57	0.11
57	0.10
57	0.10
57	0.10
57	0.10
57	0.10
57	0.10
57	0.10
57	0.10
57	0.10
57	0.10
57	0.10
57	0.10
57	0.10
57	0.10
57	0.10
58	0.10
58	0.10
58	0.10
58	0.10
58	0.10
58	0.10
58	0.10
58	0.10
58	0.10
58	0.11
58	0.11
58	0.10
58	0.11
58	0.10
58	0.10
58	0.10
58	0.10
58	0.10
58	0.10
58	0.10
58	0.10
58	0.10
58	0.11
58	0.10
58	0.10
58	0.11
58	0.10
58	0.10
58	0.10
58	0.10
58	0.10
58	0.10
58	0.10
58	0.10
58	0.10
58	0.11
58	0.10
58	0.10
58	0.10
58	0.10
58	0.10
58	0.10
58	0.10
58	0.10
58	0.10
58	0.10
58	0.11
58	0.10
58	0.10
58	0.10
58	0.10
58	0.10
58	0.11
58	0.10
58	0.10
58	0.10
58	0.11
58	0.11
58	0.11
58	0.11
58	0.11
58	0.11
58	0.11
58	0.10
58	0.10
58	0.11
58	0.10
58	0.10
58	0.10
58	0.10
58	0.10
58	0.10
58	0.10
58	0.10
58	0.10
58	0.10
58	0.11
58	0.10
58	0.10
58	0.10
58	0.10
58	0.10
58	0.10
58	0.10
58	0.10
58	0.10
58	0.11
58	0.10
58	0.10
58	0.10
58	0.10
58	0.10
58	0.10
58	0.10
58	0.10
58	0.10
58	0.10
58	0.10
58	0.11
58	0.11
59	0.11
59	0.10
59	0.11
59	0.11
59	0.11
59	0.11
59	0.11
59	0.11
59	0.11
59	0.11
59	0.11
59	0.11
59	0.11
59	0.11
59	0.10
59	0.11
59	0.11
59	0.11
59	0.11
59	0.11
59	0.11
59	0.11
59	0.11
59	0.11
59	0.10
59	0.10
59	0.10
59	0.10
59	0.10
59	0.10
59	0.11
59	0.11
59	0.11
59	0.10
59	0.11
59	0.10
59	0.11
59	0.11
59	0.11
59	0.11
59	0.11
59	0.11
59	0.11
59	0.11
59	0.10
59	0.11
59	0.11
59	0.11
59	0.12
59	0.11
59	0.11
59	0.11
59	0.11
59	0.11
59	0.11
59	0.11
59	0.11
59	0.11
59	0.11
59	0.10
59	0.11
59	0.11
59	0.11
59	0.11
59	0.10
59	0.11
59	0.11
59	0.10
59	0.10
59	0.11
59	0.11
59	0.11
59	0.11
59	0.11
59	0.11
59	0.11
59	0.11
59	0.11
59	0.11
59	0.11
59	0.11
59	0.11
59	0.11
59	0.11
59	0.11
59	0.11
59	0.11
59	0.11
59	0.11
59	0.11
59	0.10
59	0.11
59	0.10
59	0.10
59	0.11
59	0.11
59	0.11
59	0.11
59	0.12
59	0.11
60	0.12
60	0.11
60	0.11
60	0.11
60	0.11
60	0.11
60	0.11
60	0.11
60	0.11
60	0.11
60	0.11
60	0.11
60	0.11
60	0.10
60	0.10
60	0.11
60	0.11
60	0.11
60	0.11
60	0.11
60	0.11
60	0.11
60	0.11
60	0.11
60	0.11
60	0.11
60	0.11
60	0.11
60	0.11
60	0.11
60	0.11
60	0.11
60	0.10
60	0.11
60	0.11
60	0.10
60	0.10
60	0.11
60	0.11
60	0.10
60	0.11
60	0.11
60	0.11
60	0.11
60	0.10
60	0.10
60	0.11
60	0.11
60	0.11
60	0.11
60	0.11
60	0.11
60	0.11
60	0.11
60	0.11
60	0.11
60	0.11
60	0.11
60	0.11
60	0.11
60	0.11
60	0.11
60	0.11
60	0.11
60	0.11
60	0.11
60	0.11
60	0.11
60	0.11
60	0.11
60	0.11
60	0.11
60	0.11
60	0.11
60	0.11
60	0.11
60	0.11
60	0.11
60	0.11
60	0.11
60	0.11
60	0.11
60	0.11
60	0.11
60	0.11
60	0.11
60	0.11
60	0.11
60	0.11
60	0.11
60	0.11
60	0.11
60	0.11
60	0.11
60	0.11
60	0.11
60	0.11
60	0.11
60	0.11
60	0.11
61	0.11
61	0.11
61	0.11
61	0.11
61	0.11
61	0.11
61	0.11
61	0.11
61	0.11
61	0.11
61	0.11
61	0.11
61	0.11
61	0.11
61	0.11
61	0.11
61	0.11
61	0.11
61	0.11
61	0.11
61	0.11
61	0.11
61	0.11
61	0.11
61	0.11
61	0.11
61	0.11
61	0.11
61	0.11
61	0.11
61	0.11
61	0.11
61	0.11
61	0.11
61	0.11
61	0.11
61	0.11
61	0.11
61	0.11
61	0.11
61	0.11
61	0.11
61	0.11
61	0.11
61	0.11
61	0.11
61	0.11
61	0.11
61	0.11
61	0.11
61	0.11
61	0.11
61	0.11
61	0.11
61	0.11
61	0.11
61	0.11
61	0.11
61	0.11
61	0.11
61	0.11
61	0.11
61	0.11
61	0.11
61	0.11
61	0.11
61	0.11
61	0.11
61	0.11
61	0.11
61	0.11
61	0.11
61	0.11
61	0.11
61	0.11
61	0.11
61	0.11
61	0.11
61	0.11
61	0.11
61	0.11
61	0.11
61	0.11
61	0.11
61	0.11
61	0.11
61	0.11
61	0.11
61	0.11
61	0.11
61	0.11
61	0.11
61	0.11
61	0.11
61	0.11
61	0.11
61	0.11
61	0.11
61	0.11
61	0.11
62	0.11
62	0.11
62	0.11
62	0.11
62	0.11
62	0.11
62	0.12
62	0.11
62	0.11
62	0.11
62	0.11
62	0.11
62	0.11
62	0.11
62	0.11
62	0.11
62	0.11
62	0.11
62	0.11
62	0.11
62	0.11
62	0.11
62	0.11
62	0.11
62	0.11
62	0.11
62	0.11
62	0.11
62	0.11
62	0.11
62	0.12
62	0.11
62	0.11
62	0.11
62	0.11
62	0.11
62	0.11
62	0.11
62	0.11
62	0.11
62	0.11
62	0.11
62	0.11
62	0.11
62	0.11
62	0.11
62	0.11
62	0.11
62	0.11
62	0.11
62	0.11
62	0.11
62	0.11
62	0.11
62	0.11
62	0.11
62	0.11
62	0.11
62	0.11
62	0.11
62	0.11
62	0.11
62	0.11
62	0.11
62	0.11
62	0.11
62	0.12
62	0.12
62	0.12
62	0.12
62	0.13
62	0.12
62	0.12
62	0.12
62	0.13
62	0.12
62	0.12
62	0.12
62	0.12
62	0.12
62	0.12
62	0.12
62	0.12
62	0.12
62	0.11
62	0.11
62	0.11
62	0.11
62	0.11
62	0.11
62	0.11
62	0.11
62	0.11
62	0.11
62	0.11
62	0.11
62	0.11
62	0.11
62	0.11
62	0.12
63	0.12
63	0.12
63	0.12
63	0.12
63	0.12
63	0.12
63	0.12
63	0.12
63	0.11
63	0.11
63	0.12
63	0.12
63	0.12
63	0.11
63	0.11
63	0.11
63	0.11
63	0.11
63	0.11
63	0.11
63	0.11
63	0.11
63	0.11
63	0.11
63	0.12
63	0.11
63	0.11
63	0.11
63	0.11
63	0.11
63	0.12
63	0.12
63	0.12
63	0.11
63	0.11
63	0.11
63	0.11
63	0.11
63	0.12
63	0.12
63	0.12
63	0.11
63	0.11
63	0.11
63	0.11
63	0.11
63	0.11
63	0.11
63	0.11
63	0.11
63	0.11
63	0.11
63	0.11
63	0.11
63	0.11
63	0.11
63	0.11
63	0.11
63	0.11
63	0.11
63	0.11
63	0.11
63	0.11
63	0.11
63	0.11
63	0.11
63	0.11
63	0.11
63	0.11
63	0.11
63	0.11
63	0.12
63	0.11
63	0.11
63	0.11
63	0.11
63	0.11
63	0.11
63	0.11
63	0.11
63	0.11
63	0.11
63	0.11
63	0.11
63	0.11
63	0.11
63	0.11
63	0.11
63	0.11
63	0.11
63	0.11
63	0.11
63	0.11
63	0.11
63	0.11
63	0.11
63	0.11
63	0.11
63	0.11
63	0.11
64	0.11
64	0.11
64	0.11
64	0.11
64	0.11
64	0.11
64	0.11
64	0.11
64	0.11
64	0.11
64	0.12
64	0.11
64	0.11
64	0.12
64	0.11
64	0.11
64	0.11
64	0.11
64	0.11
64	0.11
64	0.11
64	0.11
64	0.11
64	0.11
64	0.11
64	0.11
64	0.11
64	0.11
64	0.11
64	0.11
64	0.11
64	0.11
64	0.11
64	0.11
64	0.11
64	0.11
64	0.11
64	0.11
64	0.11
64	0.11
64	0.11
64	0.11
64	0.11
64	0.11
64	0.11
64	0.11
64	0.11
64	0.11
64	0.11
64	0.11
64	0.11
64	0.11
64	0.11
64	0.11
64	0.11
64	0.11
64	0.11
64	0.11
64	0.11
64	0.11
64	0.11
64	0.11
64	0.11
64	0.11
64	0.11
64	0.11
64	0.11
64	0.11
64	0.11
64	0.11
64	0.11
64	0.11
64	0.11
64	0.11
64	0.11
64	0.11
64	0.11
64	0.11
64	0.11
64	0.11
64	0.11
64	0.11
64	0.11
64	0.11
64	0.11
64	0.11
64	0.11
64	0.11
64	0.11
64	0.11
64	0.11
64	0.11
64	0.11
64	0.11
64	0.11
64	0.12
64	0.11
64	0.11
64	0.11
64	0.11
65	0.11
65	0.11
65	0.11
65	0.11
65	0.11
65	0.11
65	0.11
65	0.11
65	0.11
65	0.11
65	0.11
65	0.11
65	0.11
65	0.11
65	0.11
65	0.11
65	0.11
65	0.11
65	0.11
65	0.11
65	0.11
65	0.11
65	0.11
65	0.11
65	0.11
65	0.11
65	0.11
65	0.11
65	0.11
65	0.11
65	0.11
65	0.11
65	0.11
65	0.11
65	0.11
65	0.11
65	0.11
65	0.11
65	0.11
65	0.11
65	0.11
65	0.11
65	0.11
65	0.11
65	0.11
65	0.11
65	0.11
65	0.11
65	0.11
65	0.11
65	0.11
65	0.11
65	0.11
65	0.11
65	0.11
65	0.11
65	0.11
65	0.11
65	0.11
65	0.11
65	0.11
65	0.11
65	0.11
65	0.11
65	0.12
65	0.11
65	0.11
65	0.11
65	0.11
65	0.12
65	0.11
65	0.11
65	0.11
65	0.11
65	0.11
65	0.11
65	0.11
65	0.11
65	0.11
65	0.11
65	0.11
65	0.11
65	0.11
65	0.11
65	0.11
65	0.11
65	0.11
65	0.11
65	0.11
65	0.11
65	0.11
65	0.11
65	0.11
65	0.11
65	0.11
65	0.11
65	0.11
65	0.11
65	0.11
65	0.11
66	0.11
66	0.12
66	0.11
66	0.11
66	0.11
66	0.12
66	0.12
66	0.11
66	0.11
66	0.12
66	0.11
66	0.11
66	0.11
66	0.11
66	0.11
66	0.11
66	0.11
66	0.11
66	0.11
66	0.12
66	0.11
66	0.11
66	0.11
66	0.11
66	0.12
66	0.11
66	0.11
66	0.11
66	0.11
66	0.12
66	0.11
66	0.11
66	0.11
66	0.11
66	0.11
66	0.12
66	0.11
66	0.11
66	0.11
66	0.11
66	0.12
66	0.11
66	0.11
66	0.12
66	0.11
66	0.12
66	0.12
66	0.12
66	0.11
66	0.11
66	0.11
66	0.11
66	0.11
66	0.11
66	0.12
66	0.11
66	0.11
66	0.11
66	0.11
66	0.13
66	0.11
66	0.11
66	0.11
66	0.11
66	0.11
66	0.11
66	0.11
66	0.11
66	0.12
66	0.11
66	0.12
66	0.11
66	0.11
66	0.11
66	0.11
66	0.11
66	0.11
66	0.11
66	0.11
66	0.11
66	0.11
66	0.11
66	0.11
66	0.12
66	0.12
66	0.12
66	0.12
66	0.12
66	0.12
66	0.12
66	0.12
66	0.12
66	0.12
66	0.12
66	0.12
66	0.11
66	0.12
66	0.12
66	0.12
66	0.12
67	0.12
67	0.13
67	0.12
67	0.12
67	0.12
67	0.12
67	0.12
67	0.12
67	0.12
67	0.12
67	0.12
67	0.12
67	0.12
67	0.12
67	0.13
67	0.12
67	0.12
67	0.12
67	0.12
67	0.12
67	0.13
67	0.13
67	0.13
67	0.12
67	0.13
67	0.13
67	0.13
67	0.12
67	0.12
67	0.12
67	0.12
67	0.12
67	0.12
67	0.12
67	0.12
67	0.12
67	0.12
67	0.12
67	0.12
67	0.12
67	0.12
67	0.12
67	0.12
67	0.12
67	0.13
67	0.12
67	0.13
67	0.12
67	0.12
67	0.13
67	0.13
67	0.13
67	0.13
67	0.12
67	0.12
67	0.12
67	0.12
67	0.12
67	0.12
67	0.12
67	0.12
67	0.12
67	0.12
67	0.12
67	0.12
67	0.12
67	0.12
67	0.12
67	0.12
67	0.12
67	0.12
67	0.12
67	0.12
67	0.12
67	0.12
67	0.12
67	0.12
67	0.12
67	0.12
67	0.12
67	0.12
67	0.12
67	0.12
67	0.12
67	0.12
67	0.12
67	0.12
67	0.12
67	0.12
67	0.12
67	0.12
67	0.12
67	0.12
67	0.12
67	0.12
67	0.12
67	0.12
67	0.12
67	0.12
67	0.12
68	0.13
68	0.12
68	0.13
68	0.13
68	0.12
68	0.12
68	0.12
68	0.12
68	0.12
68	0.12
68	0.12
68	0.12
68	0.12
68	0.12
68	0.12
68	0.12
68	0.12
68	0.12
68	0.12
68	0.12
68	0.12
68	0.12
68	0.12
68	0.12
68	0.12
68	0.12
68	0.12
68	0.12
68	0.12
68	0.12
68	0.12
68	0.12
68	0.12
68	0.12
68	0.12
68	0.12
68	0.12
68	0.12
68	0.12
68	0.12
68	0.12
68	0.12
68	0.12
68	0.12
68	0.12
68	0.12
68	0.12
68	0.12
68	0.12
68	0.12
68	0.12
68	0.12
68	0.12
68	0.12
68	0.12
68	0.12
68	0.12
68	0.12
68	0.12
68	0.12
68	0.12
68	0.12
68	0.12
68	0.12
68	0.12
68	0.12
68	0.12
68	0.12
68	0.12
68	0.12
68	0.12
68	0.12
68	0.12
68	0.12
68	0.12
68	0.12
68	0.12
68	0.12
68	0.12
68	0.12
68	0.12
68	0.12
68	0.12
68	0.12
68	0.12
68	0.12
68	0.12
68	0.12
68	0.12
68	0.12
68	0.13
68	0.12
68	0.12
68	0.12
68	0.12
68	0.12
68	0.12
68	0.12
68	0.12
68	0.12
69	0.13
69	0.13
69	0.13
69	0.13
69	0.13
69	0.13
69	0.13
69	0.13
69	0.12
69	0.12
69	0.13
69	0.13
69	0.12
69	0.12
69	0.13
69	0.12
69	0.13
69	0.12
69	0.13
69	0.12
69	0.12
69	0.12
69	0.12
69	0.12
69	0.12
69	0.12
69	0.12
69	0.12
69	0.12
69	0.13
69	0.13
69	0.12
69	0.12
69	0.12
69	0.12
69	0.12
69	0.12
69	0.12
69	0.12
69	0.12
69	0.12
69	0.12
69	0.12
69	0.12
69	0.12
69	0.12
69	0.13
69	0.12
69	0.12
69	0.12
69	0.12
69	0.12
69	0.12
69	0.12
69	0.12
69	0.12
69	0.12
69	0.12
69	0.12
69	0.12
69	0.12
69	0.12
69	0.12
69	0.12
69	0.12
69	0.12
69	0.12
69	0.12
69	0.12
69	0.13
69	0.13
69	0.13
69	0.13
69	0.12
69	0.12
69	0.13
69	0.12
69	0.12
69	0.12
69	0.12
69	0.12
69	0.12
69	0.12
69	0.12
69	0.12
69	0.12
69	0.12
69	0.12
69	0.12
69	0.13
69	0.12
69	0.12
69	0.12
69	0.12
69	0.12
69	0.12
69	0.12
69	0.12
69	0.12
69	0.12
70	0.13
70	0.13
70	0.13
70	0.13
70	0.13
70	0.13
70	0.13
70	0.13
70	0.13
70	0.13
70	0.13
70	0.13
70	0.13
70	0.13
70	0.13
70	0.13
70	0.13
70	0.13
70	0.13
70	0.13
70	0.13
70	0.13
70	0.12
70	0.13
70	0.12
70	0.12
70	0.12
70	0.12
70	0.12
70	0.12
70	0.13
70	0.12
70	0.13
70	0.13
70	0.13
70	0.13
70	0.13
70	0.13
70	0.13
70	0.13
70	0.13
70	0.13
70	0.13
70	0.13
70	0.13
70	0.13
70	0.13
70	0.13
70	0.13
70	0.13
70	0.12
70	0.13
70	0.13
70	0.13
70	0.13
70	0.13
70	0.12
70	0.13
70	0.13
70	0.13
70	0.12
70	0.13
70	0.12
70	0.13
70	0.13
70	0.13
70	0.13
70	0.13
70	0.13
70	0.12
70	0.13
70	0.13
70	0.13
70	0.13
70	0.13
70	0.13
70	0.12
70	0.13
70	0.13
70	0.13
70	0.13
70	0.12
70	0.13
70	0.12
70	0.13
70	0.13
70	0.13
70	0.13
70	0.13
70	0.13
70	0.13
70	0.12
70	0.13
70	0.12
70	0.13
70	0.13
70	0.12
70	0.12
70	0.12
70	0.12
71	0.13
71	0.13
71	0.13
71	0.13
71	0.13
71	0.13
71	0.13
71	0.13
71	0.13
71	0.13
71	0.13
71	0.13
71	0.13
71	0.13
71	0.13
71	0.13
71	0.13
71	0.13
71	0.13
71	0.13
71	0.13
71	0.13
71	0.14
71	0.13
71	0.14
71	0.13
71	0.13
71	0.13
71	0.13
71	0.13
71	0.13
71	0.13
71	0.13
71	0.13
71	0.14
71	0.13
71	0.13
71	0.13
71	0.13
71	0.13
71	0.13
71	0.13
71	0.13
71	0.13
71	0.13
71	0.13
71	0.13
71	0.13
71	0.13
71	0.13
71	0.13
71	0.13
71	0.13
71	0.14
71	0.14
71	0.13
71	0.13
71	0.14
71	0.13
71	0.13
71	0.13
71	0.13
71	0.13
71	0.13
71	0.13
71	0.13
71	0.13
71	0.13
71	0.13
71	0.13
71	0.13
71	0.14
71	0.13
71	0.13
71	0.13
71	0.13
71	0.13
71	0.13
71	0.13
71	0.13
71	0.13
71	0.13
71	0.13
71	0.14
71	0.13
71	0.14
71	0.14
71	0.14
71	0.14
71	0.13
71	0.13
71	0.13
71	0.13
71	0.13
71	0.13
71	0.13
71	0.13
71	0.13
71	0.13
71	0.13
72	0.14
72	0.14
72	0.14
72	0.14
72	0.14
72	0.14
72	0.14
72	0.14
72	0.14
72	0.14
72	0.13
72	0.13
72	0.13
72	0.14
72	0.14
72	0.14
72	0.14
72	0.14
72	0.14
72	0.14
72	0.14
72	0.13
72	0.14
72	0.14
72	0.14
72	0.14
72	0.14
72	0.13
72	0.13
72	0.14
72	0.13
72	0.13
72	0.13
72	0.13
72	0.14
72	0.13
72	0.13
72	0.13
72	0.13
72	0.13
72	0.13
72	0.13
72	0.13
72	0.13
72	0.13
72	0.13
72	0.13
72	0.13
72	0.13
72	0.13
72	0.14
72	0.13
72	0.13
72	0.13
72	0.14
72	0.13
72	0.13
72	0.13
72	0.15
72	0.14
72	0.13
72	0.13
72	0.14
72	0.13
72	0.14
72	0.14
72	0.13
72	0.14
72	0.13
72	0.14
72	0.14
72	0.14
72	0.14
72	0.13
72	0.13
72	0.15
72	0.14
72	0.14
72	0.14
72	0.13
72	0.14
72	0.14
72	0.14
72	0.14
72	0.14
72	0.14
72	0.14
72	0.13
72	0.13
72	0.14
72	0.14
72	0.14
72	0.13
72	0.14
72	0.13
72	0.14
72	0.13
72	0.13
72	0.14
72	0.13
73	0.14
73	0.14
73	0.14
73	0.14
73	0.14
73	0.14
73	0.14
73	0.14
73	0.14
73	0.14
73	0.14
73	0.14
73	0.14
73	0.14
73	0.14
73	0.14
73	0.15
73	0.14
73	0.15
73	0.15
73	0.15
73	0.15
73	0.15
73	0.15
73	0.14
73	0.14
73	0.15
73	0.15
73	0.15
73	0.15
73	0.14
73	0.15
73	0.15
73	0.14
73	0.14
73	0.14
73	0.14
73	0.14
73	0.14
73	0.14
73	0.14
73	0.14
73	0.14
73	0.14
73	0.14
73	0.14
73	0.14
73	0.14
73	0.14
73	0.14
73	0.14
73	0.14
73	0.14
73	0.14
73	0.14
73	0.14
73	0.14
73	0.14
73	0.14
73	0.14
73	0.14
73	0.14
73	0.14
73	0.14
73	0.14
73	0.14
73	0.14
73	0.14
73	0.14
73	0.14
73	0.14
73	0.14
73	0.14
73	0.14
73	0.14
73	0.14
73	0.14
73	0.14
73	0.14
73	0.14
73	0.14
73	0.14
73	0.14
73	0.14
73	0.14
73	0.14
73	0.14
73	0.14
73	0.14
73	0.14
73	0.14
73	0.14
73	0.15
73	0.14
73	0.14
73	0.14
73	0.14
73	0.14
73	0.14
73	0.14
74	0.14
74	0.14
74	0.14
74	0.14
74	0.14
74	0.14
74	0.14
74	0.14
74	0.14
74	0.14
74	0.14
74	0.14
74	0.15
74	0.14
74	0.14
74	0.15
74	0.14
74	0.14
74	0.14
74	0.14
74	0.14
74	0.14
74	0.15
74	0.15
74	0.15
74	0.14
74	0.15
74	0.15
74	0.15
74	0.15
74	0.14
74	0.15
74	0.14
74	0.15
74	0.14
74	0.14
74	0.14
74	0.15
74	0.16
74	0.16
74	0.15
74	0.15
74	0.15
74	0.15
74	0.14
74	0.14
74	0.14
74	0.14
74	0.14
74	0.14
74	0.15
74	0.14
74	0.14
74	0.14
74	0.14
74	0.14
74	0.14
74	0.14
74	0.14
74	0.14
74	0.14
74	0.14
74	0.15
74	0.15
74	0.14
74	0.15
74	0.15
74	0.15
74	0.15
74	0.15
74	0.15
74	0.15
74	0.15
74	0.15
74	0.15
74	0.15
74	0.15
74	0.15
74	0.15
74	0.15
74	0.14
74	0.15
74	0.16
74	0.15
74	0.15
74	0.15
74	0.15
74	0.14
74	0.15
74	0.15
74	0.15
74	0.15
74	0.15
74	0.15
74	0.14
74	0.15
74	0.15
74	0.14
74	0.14
74	0.15
75	0.16
75	0.16
75	0.16
75	0.16
75	0.16
75	0.16
75	0.15
75	0.15
75	0.15
75	0.15
75	0.15
75	0.15
75	0.15
75	0.15
75	0.15
75	0.15
75	0.16
75	0.15
75	0.16
75	0.15
75	0.16
75	0.16
75	0.15
75	0.15
75	0.16
75	0.16
75	0.15
75	0.16
75	0.16
75	0.16
75	0.16
75	0.16
75	0.16
75	0.16
75	0.16
75	0.16
75	0.16
75	0.16
75	0.15
75	0.16
75	0.18
75	0.16
75	0.16
75	0.15
75	0.15
75	0.15
75	0.15
75	0.15
75	0.16
75	0.16
75	0.17
75	0.16
75	0.16
75	0.17
75	0.17
75	0.19
75	0.17
75	0.17
75	0.18
75	0.17
75	0.15
75	0.16
75	0.17
75	0.16
75	0.16
75	0.16
75	0.16
75	0.16
75	0.16
75	0.15
75	0.15
75	0.15
75	0.15
75	0.15
75	0.15
75	0.16
75	0.16
75	0.16
75	0.16
75	0.16
75	0.15
75	0.16
75	0.16
75	0.17
75	0.16
75	0.16
75	0.16
75	0.16
75	0.16
75	0.15
75	0.15
75	0.15
75	0.16
75	0.16
75	0.17
75	0.17
75	0.16
75	0.16
75	0.16
75	0.15
76	0.16
76	0.16
76	0.16
76	0.16
76	0.16
76	0.17
76	0.16
76	0.16
76	0.16
76	0.17
76	0.17
76	0.17
76	0.16
76	0.17
76	0.17
76	0.17
76	0.16
76	0.16
76	0.16
76	0.16
76	0.16
76	0.16
76	0.16
76	0.16
76	0.16
76	0.16
76	0.16
76	0.17
76	0.19
76	0.16
76	0.16
76	0.16
76	0.16
76	0.16
76	0.16
76	0.16
76	0.16
76	0.16
76	0.16
76	0.16
76	0.16
76	0.16
76	0.17
76	0.16
76	0.16
76	0.16
76	0.16
76	0.16
76	0.16
76	0.16
76	0.16
76	0.16
76	0.16
76	0.16
76	0.16
76	0.16
76	0.16
76	0.16
76	0.16
76	0.16
76	0.16
76	0.16
76	0.17
76	0.16
76	0.16
76	0.16
76	0.16
76	0.16
76	0.16
76	0.16
76	0.16
76	0.16
76	0.16
76	0.16
76	0.16
76	0.16
76	0.16
76	0.16
76	0.16
76	0.16
76	0.16
76	0.16
76	0.16
76	0.16
76	0.16
76	0.16
76	0.16
76	0.16
76	0.17
76	0.17
76	0.16
76	0.16
76	0.16
76	0.16
76	0.16
76	0.16
76	0.17
76	0.16
76	0.16
76	0.17
77	0.18
77	0.18
77	0.18
77	0.17
77	0.18
77	0.17
77	0.17
77	0.17
77	0.17
77	0.17
77	0.17
77	0.17
77	0.18
77	0.17
77	0.17
77	0.17
77	0.17
77	0.17
77	0.17
77	0.17
77	0.17
77	0.17
77	0.17
77	0.17
77	0.17
77	0.17
77	0.17
77	0.17
77	0.17
77	0.17
77	0.17
77	0.17
77	0.17
77	0.17
77	0.17
77	0.17
77	0.17
77	0.17
77	0.17
77	0.17
77	0.17
77	0.17
77	0.17
77	0.17
77	0.18
77	0.17
77	0.17
77	0.17
77	0.17
77	0.17
77	0.17
77	0.17
77	0.17
77	0.17
77	0.17
77	0.17
77	0.17
77	0.17
77	0.17
77	0.17
77	0.17
77	0.18
77	0.17
77	0.17
77	0.17
77	0.17
77	0.17
77	0.17
77	0.17
77	0.17
77	0.17
77	0.17
77	0.17
77	0.17
77	0.17
77	0.17
77	0.17
77	0.17
77	0.17
77	0.17
77	0.17
77	0.17
77	0.17
77	0.17
77	0.17
77	0.17
77	0.17
77	0.17
77	0.17
77	0.17
77	0.17
77	0.17
77	0.17
77	0.17
77	0.17
77	0.17
77	0.17
77	0.17
77	0.17
77	0.17
78	0.18
78	0.18
78	0.18
78	0.18
78	0.18
78	0.18
78	0.18
78	0.18
78	0.18
78	0.18
78	0.18
78	0.18
78	0.18
78	0.18
78	0.18
78	0.18
78	0.20
78	0.18
78	0.18
78	0.18
78	0.18
78	0.18
78	0.18
78	0.18
78	0.18
78	0.18
78	0.18
78	0.18
78	0.18
78	0.18
78	0.18
78	0.18
78	0.18
78	0.18
78	0.18
78	0.18
78	0.18
78	0.18
78	0.18
78	0.18
78	0.19
78	0.18
78	0.18
78	0.18
78	0.18
78	0.18
78	0.18
78	0.18
78	0.18
78	0.18
78	0.18
78	0.18
78	0.18
78	0.18
78	0.18
78	0.17
78	0.18
78	0.18
78	0.18
78	0.18
78	0.18
78	0.18
78	0.18
78	0.18
78	0.18
78	0.18
78	0.18
78	0.18
78	0.18
78	0.18
78	0.18
78	0.18
78	0.18
78	0.18
78	0.18
78	0.18
78	0.18
78	0.18
78	0.18
78	0.18
78	0.17
78	0.18
78	0.18
78	0.18
78	0.18
78	0.17
78	0.18
78	0.18
78	0.18
78	0.18
78	0.20
78	0.20
78	0.19
78	0.19
78	0.18
78	0.19
78	0.18
78	0.18
78	0.18
78	0.18
79	0.20
79	0.19
79	0.20
79	0.20
79	0.20
79	0.19
79	0.19
79	0.19
79	0.19
79	0.19
79	0.19
79	0.19
79	0.19
79	0.18
79	0.19
79	0.19
79	0.18
79	0.18
79	0.19
79	0.19
79	0.18
79	0.18
79	0.19
79	0.19
79	0.19
79	0.19
79	0.19
79	0.19
79	0.19
79	0.19
79	0.19
79	0.19
79	0.19
79	0.19
79	0.19
79	0.19
79	0.19
79	0.19
79	0.19
79	0.19
79	0.19
79	0.19
79	0.19
79	0.19
79	0.19
79	0.19
79	0.19
79	0.19
79	0.19
79	0.19
79	0.18
79	0.19
79	0.18
79	0.18
79	0.18
79	0.19
79	0.19
79	0.18
79	0.19
79	0.19
79	0.18
79	0.19
79	0.19
79	0.19
79	0.19
79	0.19
79	0.19
79	0.19
79	0.20
79	0.19
79	0.19
79	0.19
79	0.18
79	0.19
79	0.19
79	0.18
79	0.19
79	0.19
79	0.18
79	0.19
79	0.19
79	0.19
79	0.19
79	0.19
79	0.18
79	0.18
79	0.18
79	0.19
79	0.19
79	0.18
79	0.19
79	0.18
79	0.18
79	0.19
79	0.19
79	0.19
79	0.19
79	0.18
79	0.18
79	0.19
80	0.21
80	0.21
80	0.22
80	0.21
80	0.21
80	0.21
80	0.21
80	0.20
80	0.21
80	0.21
80	0.21
80	0.21
80	0.21
80	0.21
80	0.20
80	0.21
80	0.21
80	0.21
80	0.21
80	0.21
80	0.21
80	0.20
80	0.21
80	0.21
80	0.21
80	0.21
80	0.20
80	0.21
80	0.21
80	0.21
80	0.21
80	0.21
80	0.20
80	0.21
80	0.21
80	0.20
80	0.21
80	0.20
80	0.20
80	0.20
80	0.20
80	0.20
80	0.19
80	0.20
80	0.19
80	0.19
80	0.19
80	0.19
80	0.20
80	0.20
80	0.19
80	0.20
80	0.20
80	0.20
80	0.20
80	0.19
80	0.20
80	0.19
80	0.20
80	0.19
80	0.19
80	0.20
80	0.20
80	0.20
80	0.20
80	0.20
80	0.20
80	0.20
80	0.20
80	0.20
80	0.21
80	0.20
80	0.20
80	0.20
80	0.20
80	0.20
80	0.20
80	0.20
80	0.20
80	0.20
80	0.20
80	0.20
80	0.20
80	0.20
80	0.20
80	0.20
80	0.20
80	0.19
80	0.20
80	0.20
80	0.20
80	0.19
80	0.19
80	0.19
80	0.19
80	0.20
80	0.20
80	0.20
80	0.20
80	0.20
81	0.22
81	0.22
81	0.22
81	0.22
81	0.21
81	0.21
81	0.21
81	0.21
81	0.21
81	0.21
81	0.21
81	0.21
81	0.21
81	0.23
81	0.23
81	0.22
81	0.22
81	0.22
81	0.22
81	0.21
81	0.21
81	0.21
81	0.22
81	0.22
81	0.21
81	0.21
81	0.21
81	0.21
81	0.21
81	0.23
81	0.23
81	0.22
81	0.22
81	0.22
81	0.23
81	0.23
81	0.22
81	0.22
81	0.23
81	0.22
81	0.21
81	0.21
81	0.21
81	0.21
81	0.21
81	0.23
81	0.22
81	0.21
81	0.21
81	0.21
81	0.21
81	0.21
81	0.23
81	0.23
81	0.22
81	0.21
81	0.21
81	0.21
81	0.21
81	0.21
81	0.21
81	0.21
81	0.21
81	0.21
81	0.21
81	0.21
81	0.21
81	0.21
81	0.21
81	0.21
81	0.21
81	0.21
81	0.21
81	0.21
81	0.21
81	0.21
81	0.21
81	0.21
81	0.21
81	0.21
81	0.21
81	0.21
81	0.21
81	0.21
81	0.21
81	0.21
81	0.21
81	0.21
81	0.21
81	0.21
81	0.21
81	0.21
81	0.21
81	0.21
81	0.21
81	0.21
81	0.21
81	0.21
81	0.21
81	0.21
82	0.23
82	0.23
82	0.24
82	0.23
82	0.22
82	0.22
82	0.22
82	0.23
82	0.23
82	0.22
82	0.22
82	0.22
82	0.22
82	0.22
82	0.22
82	0.22
82	0.23
82	0.22
82	0.22
82	0.22
82	0.22
82	0.23
82	0.23
82	0.22
82	0.22
82	0.22
82	0.22
82	0.22
82	0.22
82	0.22
82	0.22
82	0.22
82	0.22
82	0.22
82	0.23
82	0.22
82	0.22
82	0.22
82	0.22
82	0.23
82	0.22
82	0.22
82	0.22
82	0.23
82	0.22
82	0.22
82	0.23
82	0.22
82	0.22
82	0.22
82	0.22
82	0.22
82	0.22
82	0.22
82	0.22
82	0.22
82	0.22
82	0.22
82	0.22
82	0.23
82	0.22
82	0.22
82	0.22
82	0.22
82	0.23
82	0.23
82	0.23
82	0.23
82	0.23
82	0.24
82	0.24
82	0.24
82	0.24
82	0.23
82	0.22
82	0.23
82	0.23
82	0.23
82	0.23
82	0.22
82	0.23
82	0.22
82	0.23
82	0.22
82	0.23
82	0.23
82	0.23
82	0.23
82	0.23
82	0.23
82	0.23
82	0.23
82	0.22
82	0.22
82	0.24
82	0.22
82	0.23
82	0.23
82	0.23
82	0.23
83	0.26
83	0.26
83	0.26
83	0.26
83	0.26
83	0.25
83	0.25
83	0.25
83	0.25
83	0.25
83	0.25
83	0.24
83	0.24
83	0.24
83	0.24
83	0.24
83	0.24
83	0.24
83	0.24
83	0.24
83	0.25
83	0.24
83	0.24
83	0.24
83	0.24
83	0.24
83	0.24
83	0.25
83	0.24
83	0.24
83	0.24
83	0.25
83	0.24
83	0.24
83	0.24
83	0.25
83	0.24
83	0.24
83	0.24
83	0.24
83	0.24
83	0.24
83	0.24
83	0.24
83	0.24
83	0.24
83	0.24
83	0.24
83	0.24
83	0.24
83	0.24
83	0.24
83	0.24
83	0.26
83	0.25
83	0.24
83	0.26
83	0.26
83	0.25
83	0.24
83	0.24
83	0.24
83	0.24
83	0.24
83	0.24
83	0.24
83	0.24
83	0.24
83	0.24
83	0.24
83	0.24
83	0.24
83	0.24
83	0.24
83	0.24
83	0.24
83	0.24
83	0.24
83	0.24
83	0.24
83	0.24
83	0.24
83	0.24
83	0.24
83	0.24
83	0.24
83	0.24
83	0.25
83	0.24
83	0.24
83	0.24
83	0.24
83	0.24
83	0.25
83	0.24
83	0.24
83	0.24
83	0.24
83	0.24
83	0.24
84	0.26
84	0.27
84	0.26
84	0.26
84	0.25
84	0.25
84	0.25
84	0.25
84	0.25
84	0.25
84	0.25
84	0.25
84	0.25
84	0.25
84	0.25
84	0.25
84	0.25
84	0.25
84	0.26
84	0.26
84	0.26
84	0.26
84	0.25
84	0.26
84	0.25
84	0.27
84	0.27
84	0.26
84	0.26
84	0.26
84	0.26
84	0.26
84	0.25
84	0.25
84	0.26
84	0.26
84	0.25
84	0.26
84	0.25
84	0.26
84	0.25
84	0.25
84	0.25
84	0.25
84	0.26
84	0.26
84	0.26
84	0.26
84	0.26
84	0.25
84	0.26
84	0.26
84	0.25
84	0.26
84	0.26
84	0.25
84	0.26
84	0.26
84	0.26
84	0.26
84	0.25
84	0.25
84	0.26
84	0.25
84	0.26
84	0.26
84	0.25
84	0.26
84	0.26
84	0.26
84	0.25
84	0.25
84	0.26
84	0.25
84	0.25
84	0.25
84	0.25
84	0.25
84	0.25
84	0.25
84	0.26
84	0.26
84	0.25
84	0.25
84	0.29
84	0.26
84	0.26
84	0.26
84	0.26
84	0.26
84	0.25
84	0.25
84	0.25
84	0.25
84	0.25
84	0.25
84	0.26
84	0.26
84	0.26
84	0.26
85	0.28
85	0.28
85	0.29
85	0.28
85	0.27
85	0.27
85	0.27
85	0.27
85	0.27
85	0.27
85	0.27
85	0.27
85	0.27
85	0.27
85	0.27
85	0.27
85	0.27
85	0.27
85	0.27
85	0.27
85	0.27
85	0.27
85	0.27
85	0.27
85	0.27
85	0.27
85	0.27
85	0.27
85	0.27
85	0.27
85	0.28
85	0.27
85	0.27
85	0.28
85	0.27
85	0.27
85	0.27
85	0.27
85	0.27
85	0.27
85	0.27
85	0.27
85	0.27
85	0.27
85	0.27
85	0.27
85	0.27
85	0.27
85	0.27
85	0.27
85	0.27
85	0.27
85	0.27
85	0.27
85	0.27
85	0.27
85	0.27
85	0.27
85	0.27
85	0.27
85	0.28
85	0.27
85	0.27
85	0.27
85	0.27
85	0.30
85	0.28
85	0.27
85	0.27
85	0.27
85	0.27
85	0.27
85	0.28
85	0.28
85	0.27
85	0.27
85	0.27
85	0.27
85	0.27
85	0.27
85	0.27
85	0.27
85	0.27
85	0.27
85	0.27
85	0.27
85	0.28
85	0.27
85	0.28
85	0.29
85	0.27
85	0.28
85	0.27
85	0.27
85	0.28
85	0.27
85	0.27
85	0.27
85	0.27
85	0.27
86	0.28
86	0.28
86	0.29
86	0.28
86	0.29
86	0.28
86	0.28
86	0.29
86	0.29
86	0.28
86	0.29
86	0.29
86	0.29
86	0.29
86	0.28
86	0.28
86	0.28
86	0.29
86	0.28
86	0.28
86	0.28
86	0.29
86	0.28
86	0.29
86	0.30
86	0.30
86	0.29
86	0.29
86	0.28
86	0.29
86	0.29
86	0.30
86	0.29
86	0.29
86	0.29
86	0.28
86	0.28
86	0.29
86	0.29
86	0.29
86	0.28
86	0.29
86	0.29
86	0.28
86	0.29
86	0.29
86	0.29
86	0.29
86	0.29
86	0.29
86	0.29
86	0.29
86	0.29
86	0.29
86	0.29
86	0.29
86	0.29
86	0.28
86	0.29
86	0.29
86	0.29
86	0.29
86	0.29
86	0.29
86	0.29
86	0.29
86	0.29
86	0.29
86	0.29
86	0.28
86	0.28
86	0.29
86	0.29
86	0.28
86	0.28
86	0.28
86	0.28
86	0.28
86	0.29
86	0.29
86	0.28
86	0.29
86	0.29
86	0.28
86	0.29
86	0.29
86	0.28
86	0.29
86	0.29
86	0.28
86	0.29
86	0.28
86	0.29
86	0.29
86	0.29
86	0.28
86	0.29
86	0.29
86	0.29
86	0.30
87	0.31
87	0.31
87	0.31
87	0.30
87	0.30
87	0.31
87	0.31
87	0.30
87	0.30
87	0.30
87	0.30
87	0.30
87	0.30
87	0.30
87	0.30
87	0.31
87	0.30
87	0.31
87	0.30
87	0.30
87	0.31
87	0.32
87	0.32
87	0.31
87	0.31
87	0.31
87	0.31
87	0.31
87	0.31
87	0.31
87	0.31
87	0.30
87	0.31
87	0.30
87	0.30
87	0.31
87	0.31
87	0.31
87	0.31
87	0.31
87	0.31
87	0.31
87	0.31
87	0.31
87	0.30
87	0.31
87	0.31
87	0.31
87	0.31
87	0.31
87	0.30
87	0.31
87	0.30
87	0.30
87	0.30
87	0.31
87	0.30
87	0.30
87	0.30
87	0.31
87	0.31
87	0.30
87	0.31
87	0.30
87	0.31
87	0.31
87	0.31
87	0.31
87	0.30
87	0.31
87	0.31
87	0.31
87	0.31
87	0.30
87	0.31
87	0.30
87	0.30
87	0.30
87	0.30
87	0.30
87	0.30
87	0.31
87	0.30
87	0.31
87	0.31
87	0.30
87	0.31
87	0.31
87	0.31
87	0.31
87	0.30
87	0.30
87	0.31
87	0.31
87	0.30
87	0.31
87	0.32
87	0.31
87	0.31
87	0.30
88	0.34
88	0.34
88	0.34
88	0.32
88	0.33
88	0.33
88	0.32
88	0.33
88	0.33
88	0.32
88	0.32
88	0.33
88	0.33
88	0.32
88	0.33
88	0.32
88	0.32
88	0.32
88	0.33
88	0.33
88	0.32
88	0.32
88	0.32
88	0.33
88	0.32
88	0.33
88	0.33
88	0.33
88	0.32
88	0.33
88	0.32
88	0.32
88	0.32
88	0.32
88	0.32
88	0.33
88	0.32
88	0.33
88	0.33
88	0.32
88	0.33
88	0.33
88	0.32
88	0.33
88	0.32
88	0.32
88	0.33
88	0.33
88	0.32
88	0.33
88	0.32
88	0.33
88	0.34
88	0.32
88	0.33
88	0.32
88	0.33
88	0.33
88	0.33
88	0.33
88	0.32
88	0.33
88	0.33
88	0.33
88	0.32
88	0.33
88	0.32
88	0.33
88	0.32
88	0.33
88	0.32
88	0.33
88	0.33
88	0.32
88	0.33
88	0.32
88	0.32
88	0.33
88	0.33
88	0.32
88	0.32
88	0.33
88	0.33
88	0.33
88	0.33
88	0.32
88	0.33
88	0.32
88	0.32
88	0.33
88	0.33
88	0.32
88	0.32
88	0.33
88	0.32
88	0.33
88	0.33
88	0.32
88	0.33
88	0.32
89	0.36
89	0.36
89	0.36
89	0.35
89	0.35
89	0.35
89	0.35
89	0.35
89	0.35
89	0.35
89	0.35
89	0.35
89	0.35
89	0.36
89	0.35
89	0.34
89	0.34
89	0.34
89	0.34
89	0.34
89	0.34
89	0.34
89	0.34
89	0.34
89	0.34
89	0.34
89	0.35
89	0.35
89	0.34
89	0.34
89	0.34
89	0.34
89	0.34
89	0.34
89	0.34
89	0.34
89	0.34
89	0.34
89	0.34
89	0.34
89	0.34
89	0.34
89	0.34
89	0.34
89	0.34
89	0.34
89	0.34
89	0.34
89	0.34
89	0.34
89	0.34
89	0.34
89	0.34
89	0.34
89	0.34
89	0.34
89	0.34
89	0.34
89	0.34
89	0.34
89	0.34
89	0.35
89	0.35
89	0.34
89	0.34
89	0.34
89	0.34
89	0.34
89	0.34
89	0.34
89	0.34
89	0.34
89	0.34
89	0.34
89	0.34
89	0.34
89	0.34
89	0.34
89	0.34
89	0.34
89	0.34
89	0.34
89	0.34
89	0.34
89	0.34
89	0.34
89	0.34
89	0.34
89	0.34
89	0.34
89	0.34
89	0.34
89	0.34
89	0.34
89	0.34
89	0.35
89	0.34
89	0.34
89	0.34
89	0.34
90	0.37
90	0.37
90	0.37
90	0.36
90	0.36
90	0.36
90	0.36
90	0.36
90	0.36
90	0.36
90	0.36
90	0.36
90	0.36
90	0.36
90	0.36
90	0.36
90	0.36
90	0.36
90	0.36
90	0.36
90	0.36
90	0.36
90	0.36
90	0.37
90	0.36
90	0.36
90	0.36
90	0.36
90	0.36
90	0.36
90	0.36
90	0.36
90	0.36
90	0.36
90	0.36
90	0.36
90	0.37
90	0.37
90	0.36
90	0.36
90	0.36
90	0.36
90	0.36
90	0.36
90	0.37
90	0.36
90	0.37
90	0.36
90	0.37
90	0.37
90	0.36
90	0.37
90	0.37
90	0.37
90	0.36
90	0.36
90	0.37
90	0.37
90	0.36
90	0.37
90	0.37
90	0.38
90	0.38
90	0.36
90	0.36
90	0.36
90	0.37
90	0.37
90	0.37
90	0.36
90	0.37
90	0.38
90	0.37
90	0.37
90	0.36
90	0.37
90	0.37
90	0.38
90	0.36
90	0.36
90	0.37
90	0.36
90	0.36
90	0.36
90	0.36
90	0.36
90	0.36
90	0.36
90	0.36
90	0.36
90	0.36
90	0.36
90	0.36
90	0.36
90	0.37
90	0.36
90	0.36
90	0.36
90	0.36
90	0.36
91	0.40
91	0.40
91	0.38
91	0.37
91	0.37
91	0.38
91	0.38
91	0.38
91	0.38
91	0.38
91	0.38
91	0.38
91	0.38
91	0.38
91	0.38
91	0.38
91	0.38
91	0.38
91	0.39
91	0.38
91	0.39
91	0.39
91	0.39
91	0.39
91	0.39
91	0.38
91	0.38
91	0.39
91	0.38
91	0.38
91	0.39
91	0.39
91	0.38
91	0.39
91	0.39
91	0.38
91	0.39
91	0.41
91	0.41
91	0.40
91	0.39
91	0.38
91	0.38
91	0.39
91	0.37
91	0.38
91	0.38
91	0.38
91	0.38
91	0.38
91	0.38
91	0.38
91	0.38
91	0.38
91	0.38
91	0.38
91	0.38
91	0.38
91	0.38
91	0.38
91	0.39
91	0.38
91	0.39
91	0.39
91	0.38
91	0.38
91	0.38
91	0.38
91	0.38
91	0.38
91	0.38
91	0.38
91	0.38
91	0.38
91	0.38
91	0.38
91	0.38
91	0.38
91	0.38
91	0.37
91	0.38
91	0.38
91	0.38
91	0.38
91	0.38
91	0.38
91	0.38
91	0.38
91	0.38
91	0.38
91	0.38
91	0.38
91	0.38
91	0.38
91	0.38
91	0.39
91	0.39
91	0.39
91	0.39
91	0.38
92	0.40
92	0.40
92	0.40
92	0.39
92	0.40
92	0.39
92	0.39
92	0.40
92	0.40
92	0.40
92	0.40
92	0.40
92	0.40
92	0.40
92	0.40
92	0.40
92	0.39
92	0.39
92	0.40
92	0.39
92	0.40
92	0.40
92	0.41
92	0.41
92	0.39
92	0.40
92	0.40
92	0.40
92	0.40
92	0.40
92	0.40
92	0.40
92	0.40
92	0.40
92	0.40
92	0.41
92	0.40
92	0.40
92	0.41
92	0.40
92	0.40
92	0.39
92	0.40
92	0.40
92	0.40
92	0.40
92	0.41
92	0.40
92	0.40
92	0.40
92	0.40
92	0.40
92	0.40
92	0.41
92	0.40
92	0.40
92	0.39
92	0.40
92	0.41
92	0.40
92	0.39
92	0.39
92	0.39
92	0.40
92	0.39
92	0.40
92	0.40
92	0.40
92	0.41
92	0.40
92	0.40
92	0.40
92	0.40
92	0.40
92	0.40
92	0.40
92	0.40
92	0.41
92	0.40
92	0.41
92	0.40
92	0.40
92	0.40
92	0.41
92	0.40
92	0.40
92	0.40
92	0.40
92	0.39
92	0.40
92	0.40
92	0.40
92	0.40
92	0.40
92	0.41
92	0.41
92	0.40
92	0.40
92	0.40
92	0.40
93	0.42
93	0.43
93	0.42
93	0.41
93	0.42
93	0.43
93	0.42
93	0.42
93	0.41
93	0.42
93	0.42
93	0.42
93	0.43
93	0.45
93	0.43
93	0.42
93	0.44
93	0.43
93	0.42
93	0.43
93	0.47
93	0.44
93	0.43
93	0.43
93	0.43
93	0.42
93	0.42
93	0.42
93	0.42
93	0.42
93	0.42
93	0.43
93	0.42
93	0.42
93	0.41
93	0.42
93	0.42
93	0.42
93	0.45
93	0.41
93	0.42
93	0.42
93	0.42
93	0.42
93	0.41
93	0.41
93	0.42
93	0.41
93	0.41
93	0.41
93	0.42
93	0.42
93	0.42
93	0.42
93	0.43
93	0.42
93	0.42
93	0.42
93	0.41
93	0.42
93	0.42
93	0.42
93	0.42
93	0.43
93	0.43
93	0.43
93	0.44
93	0.42
93	0.42
93	0.43
93	0.42
93	0.42
93	0.42
93	0.42
93	0.42
93	0.44
93	0.42
93	0.43
93	0.46
93	0.44
93	0.44
93	0.42
93	0.42
93	0.44
93	0.43
93	0.43
93	0.42
93	0.43
93	0.44
93	0.43
93	0.43
93	0.42
93	0.42
93	0.42
93	0.42
93	0.43
93	0.43
93	0.43
93	0.43
93	0.44
94	0.47
94	0.46
94	0.44
94	0.44
94	0.46
94	0.48
94	0.47
94	0.47
94	0.49
94	0.47
94	0.44
94	0.45
94	0.43
94	0.44
94	0.44
94	0.44
94	0.43
94	0.44
94	0.43
94	0.43
94	0.43
94	0.44
94	0.43
94	0.43
94	0.44
94	0.44
94	0.44
94	0.44
94	0.45
94	0.45
94	0.47
94	0.44
94	0.45
94	0.44
94	0.46
94	0.46
94	0.45
94	0.44
94	0.43
94	0.43
94	0.44
94	0.44
94	0.44
94	0.43
94	0.45
94	0.43
94	0.43
94	0.43
94	0.43
94	0.43
94	0.44
94	0.43
94	0.44
94	0.43
94	0.43
94	0.43
94	0.43
94	0.44
94	0.44
94	0.44
94	0.45
94	0.44
94	0.45
94	0.45
94	0.44
94	0.45
94	0.44
94	0.46
94	0.45
94	0.45
94	0.46
94	0.46
94	0.46
94	0.43
94	0.44
94	0.43
94	0.44
94	0.44
94	0.44
94	0.43
94	0.44
94	0.44
94	0.44
94	0.45
94	0.45
94	0.45
94	0.45
94	0.45
94	0.45
94	0.44
94	0.45
94	0.44
94	0.45
94	0.45
94	0.44
94	0.44
94	0.45
94	0.45
94	0.45
94	0.44
95	0.49
95	0.49
95	0.48
95	0.47
95	0.47
95	0.49
95	0.47
95	0.46
95	0.47
95	0.47
95	0.47
95	0.47
95	0.47
95	0.48
95	0.46
95	0.47
95	0.47
95	0.47
95	0.46
95	0.47
95	0.47
95	0.47
95	0.47
95	0.46
95	0.45
95	0.47
95	0.47
95	0.46
95	0.46
95	0.47
95	0.46
95	0.46
95	0.46
95	0.46
95	0.48
95	0.47
95	0.48
95	0.47
95	0.46
95	0.47
95	0.47
95	0.46
95	0.47
95	0.46
95	0.46
95	0.46
95	0.47
95	0.46
95	0.46
95	0.46
95	0.47
95	0.46
95	0.46
95	0.45
95	0.46
95	0.47
95	0.47
95	0.46
95	0.46
95	0.47
95	0.46
95	0.47
95	0.46
95	0.46
95	0.45
95	0.46
95	0.46
95	0.46
95	0.47
95	0.48
95	0.47
95	0.47
95	0.46
95	0.48
95	0.49
95	0.47
95	0.49
95	0.47
95	0.47
95	0.47
95	0.46
95	0.47
95	0.46
95	0.46
95	0.46
95	0.46
95	0.45
95	0.46
95	0.46
95	0.47
95	0.46
95	0.46
95	0.46
95	0.46
95	0.46
95	0.46
95	0.46
95	0.46
95	0.46
95	0.45
96	0.49
96	0.50
96	0.48
96	0.48
96	0.48
96	0.49
96	0.48
96	0.49
96	0.48
96	0.48
96	0.49
96	0.48
96	0.48
96	0.48
96	0.48
96	0.48
96	0.51
96	0.47
96	0.48
96	0.48
96	0.48
96	0.48
96	0.48
96	0.48
96	0.48
96	0.48
96	0.48
96	0.48
96	0.48
96	0.48
96	0.47
96	0.47
96	0.47
96	0.48
96	0.48
96	0.49
96	0.47
96	0.48
96	0.49
96	0.48
96	0.48
96	0.47
96	0.48
96	0.48
96	0.48
96	0.48
96	0.48
96	0.48
96	0.47
96	0.47
96	0.47
96	0.47
96	0.48
96	0.49
96	0.48
96	0.48
96	0.48
96	0.48
96	0.48
96	0.48
96	0.48
96	0.48
96	0.48
96	0.48
96	0.48
96	0.48
96	0.48
96	0.48
96	0.48
96	0.49
96	0.48
96	0.48
96	0.48
96	0.47
96	0.48
96	0.47
96	0.48
96	0.48
96	0.47
96	0.48
96	0.49
96	0.48
96	0.49
96	0.48
96	0.47
96	0.47
96	0.48
96	0.48
96	0.48
96	0.48
96	0.48
96	0.48
96	0.47
96	0.47
96	0.48
96	0.48
96	0.47
96	0.48
96	0.48
96	0.49
97	0.53
97	0.51
97	0.50
97	0.50
97	0.50
97	0.50
97	0.51
97	0.50
97	0.51
97	0.50
97	0.51
97	0.50
97	0.50
97	0.50
97	0.50
97	0.50
97	0.51
97	0.50
97	0.51
97	0.50
97	0.50
97	0.50
97	0.50
97	0.50
97	0.51
97	0.50
97	0.51
97	0.50
97	0.50
97	0.50
97	0.51
97	0.50
97	0.50
97	0.51
97	0.51
97	0.50
97	0.50
97	0.50
97	0.50
97	0.50
97	0.50
97	0.51
97	0.50
97	0.51
97	0.51
97	0.49
97	0.50
97	0.52
97	0.52
97	0.51
97	0.50
97	0.50
97	0.50
97	0.50
97	0.50
97	0.50
97	0.50
97	0.50
97	0.51
97	0.50
97	0.50
97	0.50
97	0.50
97	0.50
97	0.50
97	0.50
97	0.50
97	0.50
97	0.50
97	0.51
97	0.50
97	0.50
97	0.50
97	0.50
97	0.51
97	0.50
97	0.50
97	0.50
97	0.50
97	0.50
97	0.50
97	0.50
97	0.50
97	0.49
97	0.49
97	0.50
97	0.51
97	0.51
97	0.50
97	0.49
97	0.50
97	0.50
97	0.50
97	0.50
97	0.50
97	0.51
97	0.50
97	0.50
97	0.50
97	0.50
98	0.54
98	0.53
98	0.54
98	0.54
98	0.53
98	0.53
98	0.53
98	0.53
98	0.54
98	0.54
98	0.54
98	0.54
98	0.54
98	0.53
98	0.53
98	0.53
98	0.53
98	0.53
98	0.53
98	0.52
98	0.53
98	0.54
98	0.54
98	0.54
98	0.54
98	0.53
98	0.56
98	0.56
98	0.53
98	0.53
98	0.53
98	0.54
98	0.53
98	0.53
98	0.53
98	0.52
98	0.52
98	0.52
98	0.52
98	0.54
98	0.52
98	0.52
98	0.52
98	0.52
98	0.53
98	0.54
98	0.54
98	0.54
98	0.53
98	0.52
98	0.54
98	0.53
98	0.53
98	0.53
98	0.53
98	0.54
98	0.53
98	0.53
98	0.54
98	0.54
98	0.54
98	0.54
98	0.53
98	0.54
98	0.54
98	0.54
98	0.54
98	0.56
98	0.55
98	0.53
98	0.56
98	0.56
98	0.54
98	0.53
98	0.53
98	0.53
98	0.53
98	0.53
98	0.53
98	0.53
98	0.53
98	0.53
98	0.53
98	0.53
98	0.52
98	0.54
98	0.53
98	0.54
98	0.54
98	0.53
98	0.53
98	0.54
98	0.54
98	0.54
98	0.53
98	0.53
98	0.53
98	0.53
98	0.52
98	0.53
99	0.58
99	0.56
99	0.56
99	0.56
99	0.57
99	0.56
99	0.56
99	0.56
99	0.56
99	0.56
99	0.56
99	0.57
99	0.56
99	0.56
99	0.55
99	0.55
99	0.56
99	0.58
99	0.56
99	0.55
99	0.57
99	0.56
99	0.57
99	0.57
99	0.56
99	0.57
99	0.57
99	0.57
99	0.56
99	0.56
99	0.56
99	0.56
99	0.57
99	0.56
99	0.56
99	0.56
99	0.56
99	0.56
99	0.56
99	0.56
99	0.56
99	0.57
99	0.56
99	0.56
99	0.57
99	0.56
99	0.57
99	0.56
99	0.56
99	0.55
99	0.55
99	0.55
99	0.55
99	0.56
99	0.55
99	0.56
99	0.56
99	0.56
99	0.55
99	0.55
99	0.55
99	0.56
99	0.55
99	0.56
99	0.56
99	0.56
99	0.57
99	0.57
99	0.57
99	0.55
99	0.56
99	0.57
99	0.55
99	0.57
99	0.56
99	0.56
99	0.56
99	0.56
99	0.57
99	0.56
99	0.56
99	0.56
99	0.56
99	0.57
99	0.57
99	0.56
99	0.55
99	0.56
99	0.57
99	0.56
99	0.56
99	0.56
99	0.55
99	0.56
99	0.56
99	0.56
99	0.56
99	0.56
99	0.56
99	0.56
